Matrix of values from data file Cathode_N_PML_450A_mmNew.POU
  ZMin:   6.0000E+01    RMin:   0.0000E+00
  ZMax:   9.0000E+01    RMax:   1.0000E+00
  NZ: 500    NR: 500
Z                 R             |B|          Bz         Br
=============================================================================
  6.0000E+01  0.0000E+00     8.0312E-05  8.0312E-05 -1.5636E-10
  6.0060E+01  0.0000E+00     8.0872E-05  8.0872E-05  1.1928E-11
  6.0120E+01  0.0000E+00     8.1435E-05  8.1435E-05  1.5379E-10
  6.0180E+01  0.0000E+00     8.2004E-05  8.2004E-05 -6.1280E-11
  6.0240E+01  0.0000E+00     8.2575E-05  8.2575E-05  7.8606E-11
  6.0300E+01  0.0000E+00     8.3149E-05  8.3149E-05 -1.2188E-10
  6.0360E+01  0.0000E+00     8.3728E-05  8.3728E-05  9.7925E-12
  6.0420E+01  0.0000E+00     8.4308E-05  8.4308E-05  1.2724E-10
  6.0480E+01  0.0000E+00     8.4892E-05  8.4892E-05 -5.2562E-11
  6.0540E+01  0.0000E+00     8.5479E-05  8.5479E-05  6.2890E-11
  6.0600E+01  0.0000E+00     8.6069E-05  8.6069E-05 -1.0685E-10
  6.0660E+01  0.0000E+00     8.6662E-05  8.6662E-05  6.4498E-12
  6.0720E+01  0.0000E+00     8.7256E-05  8.7256E-05  1.1758E-10
  6.0780E+01  0.0000E+00     8.7855E-05  8.7855E-05 -4.9764E-11
  6.0840E+01  0.0000E+00     8.8456E-05  8.8456E-05  5.8664E-11
  6.0900E+01  0.0000E+00     8.9059E-05  8.9059E-05 -1.0581E-10
  6.0960E+01  0.0000E+00     8.9666E-05  8.9666E-05  4.1015E-12
  6.1020E+01  0.0000E+00     9.0275E-05  9.0275E-05  1.1794E-10
  6.1080E+01  0.0000E+00     9.0887E-05  9.0887E-05 -5.7423E-11
  6.1140E+01  0.0000E+00     9.1502E-05  9.1502E-05  6.6382E-11
  6.1200E+01  0.0000E+00     9.2120E-05  9.2120E-05 -1.2519E-10
  6.1260E+01  0.0000E+00     9.2742E-05  9.2742E-05  6.8234E-13
  6.1320E+01  0.0000E+00     9.3366E-05  9.3366E-05  1.4773E-10
  6.1380E+01  0.0000E+00     9.3995E-05  9.3995E-05 -7.2261E-11
  6.1440E+01  0.0000E+00     9.4627E-05  9.4627E-05  8.0676E-11
  6.1500E+01  0.0000E+00     9.5262E-05  9.5262E-05 -1.5910E-10
  6.1560E+01  0.0000E+00     9.5903E-05  9.5903E-05  5.1883E-13
  6.1620E+01  0.0000E+00     9.6546E-05  9.6546E-05  1.9448E-10
  6.1680E+01  0.0000E+00     9.7196E-05  9.7196E-05 -9.7553E-11
  6.1740E+01  0.0000E+00     9.7850E-05  9.7850E-05  1.0539E-10
  6.1800E+01  0.0000E+00     9.8507E-05  9.8507E-05 -2.1287E-10
  6.1860E+01  0.0000E+00     9.9173E-05  9.9173E-05  2.9398E-13
  6.1920E+01  0.0000E+00     9.9842E-05  9.9842E-05  2.6014E-10
  6.1980E+01  0.0000E+00     1.0052E-04  1.0052E-04 -1.3028E-10
  6.2040E+01  0.0000E+00     1.0120E-04  1.0120E-04  1.4496E-10
  6.2100E+01  0.0000E+00     1.0189E-04  1.0189E-04 -2.9085E-10
  6.2160E+01  0.0000E+00     1.0259E-04  1.0259E-04 -1.3566E-12
  6.2220E+01  0.0000E+00     1.0329E-04  1.0329E-04  3.5163E-10
  6.2280E+01  0.0000E+00     1.0401E-04  1.0401E-04 -1.7651E-10
  6.2340E+01  0.0000E+00     1.0473E-04  1.0473E-04  1.9272E-10
  6.2400E+01  0.0000E+00     1.0546E-04  1.0546E-04 -3.8780E-10
  6.2460E+01  0.0000E+00     1.0621E-04  1.0621E-04 -3.4483E-13
  6.2520E+01  0.0000E+00     1.0696E-04  1.0696E-04  4.6404E-10
  6.2580E+01  0.0000E+00     1.0772E-04  1.0772E-04 -2.3563E-10
  6.2640E+01  0.0000E+00     1.0850E-04  1.0850E-04  2.5873E-10
  6.2700E+01  0.0000E+00     1.0928E-04  1.0928E-04 -5.0808E-10
  6.2760E+01  0.0000E+00     1.1008E-04  1.1008E-04  5.5421E-13
  6.2820E+01  0.0000E+00     1.1090E-04  1.1090E-04  6.0918E-10
  6.2880E+01  0.0000E+00     1.1173E-04  1.1173E-04 -3.0426E-10
  6.2940E+01  0.0000E+00     1.1257E-04  1.1257E-04  3.3010E-10
  6.3000E+01  0.0000E+00     1.1343E-04  1.1343E-04 -6.6696E-10
  6.3060E+01  0.0000E+00     1.1431E-04  1.1431E-04  3.3511E-12
  6.3120E+01  0.0000E+00     1.1520E-04  1.1520E-04  7.8476E-10
  6.3180E+01  0.0000E+00     1.1611E-04  1.1611E-04 -3.8960E-10
  6.3240E+01  0.0000E+00     1.1705E-04  1.1705E-04  4.2351E-10
  6.3300E+01  0.0000E+00     1.1800E-04  1.1800E-04 -8.5038E-10
  6.3360E+01  0.0000E+00     1.1898E-04  1.1898E-04  5.7049E-12
  6.3420E+01  0.0000E+00     1.1997E-04  1.1997E-04  9.9607E-10
  6.3480E+01  0.0000E+00     1.2099E-04  1.2099E-04 -4.9291E-10
  6.3540E+01  0.0000E+00     1.2204E-04  1.2204E-04  5.4152E-10
  6.3600E+01  0.0000E+00     1.2311E-04  1.2311E-04 -1.0642E-09
  6.3660E+01  0.0000E+00     1.2421E-04  1.2421E-04  6.7512E-13
  6.3720E+01  0.0000E+00     1.2534E-04  1.2534E-04  1.2472E-09
  6.3780E+01  0.0000E+00     1.2650E-04  1.2650E-04 -6.1733E-10
  6.3840E+01  0.0000E+00     1.2769E-04  1.2769E-04  6.7118E-10
  6.3900E+01  0.0000E+00     1.2890E-04  1.2890E-04 -1.3314E-09
  6.3960E+01  0.0000E+00     1.3016E-04  1.3016E-04  4.8621E-12
  6.4020E+01  0.0000E+00     1.3145E-04  1.3145E-04  1.5457E-09
  6.4080E+01  0.0000E+00     1.3278E-04  1.3278E-04 -7.6436E-10
  6.4140E+01  0.0000E+00     1.3414E-04  1.3414E-04  8.3144E-10
  6.4200E+01  0.0000E+00     1.3554E-04  1.3554E-04 -1.6453E-09
  6.4260E+01  0.0000E+00     1.3700E-04  1.3700E-04  1.0972E-11
  6.4320E+01  0.0000E+00     1.3848E-04  1.3848E-04  1.8978E-09
  6.4380E+01  0.0000E+00     1.4002E-04  1.4002E-04 -9.4917E-10
  6.4440E+01  0.0000E+00     1.4160E-04  1.4160E-04  1.0165E-09
  6.4500E+01  0.0000E+00     1.4323E-04  1.4323E-04 -2.0126E-09
  6.4560E+01  0.0000E+00     1.4492E-04  1.4492E-04  1.3025E-11
  6.4620E+01  0.0000E+00     1.4665E-04  1.4665E-04  2.3366E-09
  6.4680E+01  0.0000E+00     1.4845E-04  1.4845E-04 -1.1481E-09
  6.4740E+01  0.0000E+00     1.5030E-04  1.5030E-04  1.2330E-09
  6.4800E+01  0.0000E+00     1.5220E-04  1.5220E-04 -2.4712E-09
  6.4860E+01  0.0000E+00     1.5419E-04  1.5419E-04  8.0573E-12
  6.4920E+01  0.0000E+00     1.5621E-04  1.5621E-04  2.8231E-09
  6.4980E+01  0.0000E+00     1.5832E-04  1.5832E-04 -1.3964E-09
  6.5040E+01  0.0000E+00     1.6050E-04  1.6050E-04  1.5133E-09
  6.5100E+01  0.0000E+00     1.6273E-04  1.6273E-04 -3.0029E-09
  6.5160E+01  0.0000E+00     1.6508E-04  1.6508E-04  5.2880E-12
  6.5220E+01  0.0000E+00     1.6746E-04  1.6746E-04  3.4189E-09
  6.5280E+01  0.0000E+00     1.6996E-04  1.6996E-04 -1.6983E-09
  6.5340E+01  0.0000E+00     1.7253E-04  1.7253E-04  1.8264E-09
  6.5400E+01  0.0000E+00     1.7517E-04  1.7517E-04 -3.6306E-09
  6.5460E+01  0.0000E+00     1.7794E-04  1.7794E-04  7.7471E-12
  6.5520E+01  0.0000E+00     1.8077E-04  1.8077E-04  4.1284E-09
  6.5580E+01  0.0000E+00     1.8373E-04  1.8373E-04 -2.0497E-09
  6.5640E+01  0.0000E+00     1.8678E-04  1.8678E-04  2.2051E-09
  6.5700E+01  0.0000E+00     1.8991E-04  1.8991E-04 -4.3834E-09
  6.5760E+01  0.0000E+00     1.9320E-04  1.9320E-04  7.4658E-13
  6.5820E+01  0.0000E+00     1.9655E-04  1.9655E-04  4.9609E-09
  6.5880E+01  0.0000E+00     2.0007E-04  2.0007E-04 -2.4829E-09
  6.5940E+01  0.0000E+00     2.0369E-04  2.0369E-04  2.6568E-09
  6.6000E+01  0.0000E+00     2.0742E-04  2.0742E-04 -5.2725E-09
  6.6060E+01  0.0000E+00     2.1133E-04  2.1133E-04  5.2368E-12
  6.6120E+01  0.0000E+00     2.1533E-04  2.1533E-04  5.9849E-09
  6.6180E+01  0.0000E+00     2.1951E-04  2.1951E-04 -3.0152E-09
  6.6240E+01  0.0000E+00     2.2383E-04  2.2383E-04  3.1593E-09
  6.6300E+01  0.0000E+00     2.2827E-04  2.2827E-04 -6.3437E-09
  6.6360E+01  0.0000E+00     2.3294E-04  2.3294E-04  1.6968E-11
  6.6420E+01  0.0000E+00     2.3770E-04  2.3770E-04  7.1827E-09
  6.6480E+01  0.0000E+00     2.4269E-04  2.4269E-04 -3.6015E-09
  6.6540E+01  0.0000E+00     2.4785E-04  2.4785E-04  3.7887E-09
  6.6600E+01  0.0000E+00     2.5314E-04  2.5314E-04 -7.6838E-09
  6.6660E+01  0.0000E+00     2.5871E-04  2.5871E-04  2.3965E-12
  6.6720E+01  0.0000E+00     2.6440E-04  2.6440E-04  8.6137E-09
  6.6780E+01  0.0000E+00     2.7036E-04  2.7036E-04 -4.3458E-09
  6.6840E+01  0.0000E+00     2.7651E-04  2.7651E-04  4.5719E-09
  6.6900E+01  0.0000E+00     2.8284E-04  2.8284E-04 -9.1948E-09
  6.6960E+01  0.0000E+00     2.8950E-04  2.8950E-04 -3.0748E-11
  6.7020E+01  0.0000E+00     2.9629E-04  2.9629E-04  1.0339E-08
  6.7080E+01  0.0000E+00     3.0341E-04  3.0341E-04 -5.2126E-09
  6.7140E+01  0.0000E+00     3.1077E-04  3.1077E-04  5.4723E-09
  6.7200E+01  0.0000E+00     3.1833E-04  3.1833E-04 -1.1053E-08
  6.7260E+01  0.0000E+00     3.2630E-04  3.2630E-04 -8.0591E-11
  6.7320E+01  0.0000E+00     3.3442E-04  3.3442E-04  1.2390E-08
  6.7380E+01  0.0000E+00     3.4294E-04  3.4294E-04 -6.2118E-09
  6.7440E+01  0.0000E+00     3.5175E-04  3.5175E-04  6.6050E-09
  6.7500E+01  0.0000E+00     3.6079E-04  3.6079E-04 -1.3297E-08
  6.7560E+01  0.0000E+00     3.7032E-04  3.7032E-04 -8.3561E-11
  6.7620E+01  0.0000E+00     3.8005E-04  3.8005E-04  1.4838E-08
  6.7680E+01  0.0000E+00     3.9025E-04  3.9025E-04 -7.5851E-09
  6.7740E+01  0.0000E+00     4.0079E-04  4.0079E-04  7.8792E-09
  6.7800E+01  0.0000E+00     4.1162E-04  4.1162E-04 -1.5921E-08
  6.7860E+01  0.0000E+00     4.2303E-04  4.2303E-04 -1.0457E-10
  6.7920E+01  0.0000E+00     4.3468E-04  4.3468E-04  1.7915E-08
  6.7980E+01  0.0000E+00     4.4690E-04  4.4690E-04 -9.1233E-09
  6.8040E+01  0.0000E+00     4.5952E-04  4.5952E-04  9.4011E-09
  6.8100E+01  0.0000E+00     4.7250E-04  4.7250E-04 -1.9247E-08
  6.8160E+01  0.0000E+00     4.8618E-04  4.8618E-04 -1.0520E-10
  6.8220E+01  0.0000E+00     5.0014E-04  5.0014E-04  2.1449E-08
  6.8280E+01  0.0000E+00     5.1478E-04  5.1478E-04 -1.1059E-08
  6.8340E+01  0.0000E+00     5.2993E-04  5.2993E-04  1.1254E-08
  6.8400E+01  0.0000E+00     5.4548E-04  5.4548E-04 -2.3259E-08
  6.8460E+01  0.0000E+00     5.6189E-04  5.6189E-04 -1.3983E-10
  6.8520E+01  0.0000E+00     5.7864E-04  5.7864E-04  2.5933E-08
  6.8580E+01  0.0000E+00     5.9620E-04  5.9620E-04 -1.3272E-08
  6.8640E+01  0.0000E+00     6.1436E-04  6.1436E-04  1.3642E-08
  6.8700E+01  0.0000E+00     6.3303E-04  6.3303E-04 -2.8046E-08
  6.8760E+01  0.0000E+00     6.5273E-04  6.5273E-04 -3.0982E-10
  6.8820E+01  0.0000E+00     6.7284E-04  6.7284E-04  3.1135E-08
  6.8880E+01  0.0000E+00     6.9393E-04  6.9393E-04 -1.6053E-08
  6.8940E+01  0.0000E+00     7.1575E-04  7.1575E-04  1.6407E-08
  6.9000E+01  0.0000E+00     7.3818E-04  7.3818E-04 -3.4114E-08
  6.9060E+01  0.0000E+00     7.6185E-04  7.6185E-04 -3.8852E-10
  6.9120E+01  0.0000E+00     7.8602E-04  7.8602E-04  3.7887E-08
  6.9180E+01  0.0000E+00     8.1138E-04  8.1138E-04 -1.9396E-08
  6.9240E+01  0.0000E+00     8.3762E-04  8.3762E-04  1.9921E-08
  6.9300E+01  0.0000E+00     8.6459E-04  8.6459E-04 -4.1303E-08
  6.9360E+01  0.0000E+00     8.9309E-04  8.9309E-04 -5.9224E-10
  6.9420E+01  0.0000E+00     9.2218E-04  9.2218E-04  4.5676E-08
  6.9480E+01  0.0000E+00     9.5271E-04  9.5271E-04 -2.3900E-08
  6.9540E+01  0.0000E+00     9.8432E-04  9.8432E-04  2.4276E-08
  6.9600E+01  0.0000E+00     1.0168E-03  1.0168E-03 -4.9868E-08
  6.9660E+01  0.0000E+00     1.0512E-03  1.0512E-03 -9.9806E-10
  6.9720E+01  0.0000E+00     1.0862E-03  1.0862E-03  5.5497E-08
  6.9780E+01  0.0000E+00     1.1231E-03  1.1231E-03 -2.8918E-08
  6.9840E+01  0.0000E+00     1.1612E-03  1.1612E-03  2.9388E-08
  6.9900E+01  0.0000E+00     1.2004E-03  1.2004E-03 -6.1320E-08
  6.9960E+01  0.0000E+00     1.2419E-03  1.2419E-03 -8.8779E-10
  7.0020E+01  0.0000E+00     1.2843E-03  1.2843E-03  6.7731E-08
  7.0080E+01  0.0000E+00     1.3288E-03  1.3288E-03 -3.6039E-08
  7.0140E+01  0.0000E+00     1.3749E-03  1.3749E-03  3.5796E-08
  7.0200E+01  0.0000E+00     1.4224E-03  1.4224E-03 -7.4914E-08
  7.0260E+01  0.0000E+00     1.4726E-03  1.4726E-03 -1.3075E-09
  7.0320E+01  0.0000E+00     1.5239E-03  1.5239E-03  8.3336E-08
  7.0380E+01  0.0000E+00     1.5778E-03  1.5778E-03 -4.3966E-08
  7.0440E+01  0.0000E+00     1.6338E-03  1.6338E-03  4.3815E-08
  7.0500E+01  0.0000E+00     1.6913E-03  1.6913E-03 -9.2695E-08
  7.0560E+01  0.0000E+00     1.7523E-03  1.7523E-03 -1.8470E-09
  7.0620E+01  0.0000E+00     1.8146E-03  1.8146E-03  1.0256E-07
  7.0680E+01  0.0000E+00     1.8801E-03  1.8801E-03 -5.4316E-08
  7.0740E+01  0.0000E+00     1.9481E-03  1.9481E-03  5.3876E-08
  7.0800E+01  0.0000E+00     2.0181E-03  2.0181E-03 -1.1520E-07
  7.0860E+01  0.0000E+00     2.0923E-03  2.0923E-03 -2.3883E-09
  7.0920E+01  0.0000E+00     2.1682E-03  2.1682E-03  1.2704E-07
  7.0980E+01  0.0000E+00     2.2481E-03  2.2481E-03 -6.7523E-08
  7.1040E+01  0.0000E+00     2.3310E-03  2.3310E-03  6.7140E-08
  7.1100E+01  0.0000E+00     2.4164E-03  2.4164E-03 -1.4280E-07
  7.1160E+01  0.0000E+00     2.5071E-03  2.5071E-03 -3.8008E-09
  7.1220E+01  0.0000E+00     2.5999E-03  2.5999E-03  1.5830E-07
  7.1280E+01  0.0000E+00     2.6976E-03  2.6976E-03 -8.4282E-08
  7.1340E+01  0.0000E+00     2.7992E-03  2.7992E-03  8.2739E-08
  7.1400E+01  0.0000E+00     2.9037E-03  2.9037E-03 -1.7828E-07
  7.1460E+01  0.0000E+00     3.0150E-03  3.0150E-03 -4.5667E-09
  7.1520E+01  0.0000E+00     3.1288E-03  3.1288E-03  1.9693E-07
  7.1580E+01  0.0000E+00     3.2487E-03  3.2487E-03 -1.0621E-07
  7.1640E+01  0.0000E+00     3.3735E-03  3.3735E-03  1.0349E-07
  7.1700E+01  0.0000E+00     3.5021E-03  3.5021E-03 -2.2366E-07
  7.1760E+01  0.0000E+00     3.6390E-03  3.6390E-03 -5.7629E-09
  7.1820E+01  0.0000E+00     3.7791E-03  3.7791E-03  2.4789E-07
  7.1880E+01  0.0000E+00     3.9270E-03  3.9270E-03 -1.3393E-07
  7.1940E+01  0.0000E+00     4.0809E-03  4.0809E-03  1.2932E-07
  7.2000E+01  0.0000E+00     4.2396E-03  4.2396E-03 -2.8143E-07
  7.2060E+01  0.0000E+00     4.4088E-03  4.4088E-03 -8.1104E-09
  7.2120E+01  0.0000E+00     4.5820E-03  4.5820E-03  3.1092E-07
  7.2180E+01  0.0000E+00     4.7649E-03  4.7649E-03 -1.6867E-07
  7.2240E+01  0.0000E+00     4.9556E-03  4.9556E-03  1.6291E-07
  7.2300E+01  0.0000E+00     5.1521E-03  5.1521E-03 -3.5497E-07
  7.2360E+01  0.0000E+00     5.3618E-03  5.3618E-03 -1.0037E-08
  7.2420E+01  0.0000E+00     5.5768E-03  5.5768E-03  3.9075E-07
  7.2480E+01  0.0000E+00     5.8038E-03  5.8038E-03 -2.1371E-07
  7.2540E+01  0.0000E+00     6.0407E-03  6.0407E-03  2.0494E-07
  7.2600E+01  0.0000E+00     6.2849E-03  6.2849E-03 -4.4782E-07
  7.2660E+01  0.0000E+00     6.5458E-03  6.5458E-03 -1.3810E-08
  7.2720E+01  0.0000E+00     6.8133E-03  6.8133E-03  4.9343E-07
  7.2780E+01  0.0000E+00     7.0960E-03  7.0960E-03 -2.6807E-07
  7.2840E+01  0.0000E+00     7.3910E-03  7.3910E-03  2.5674E-07
  7.2900E+01  0.0000E+00     7.6953E-03  7.6953E-03 -5.6511E-07
  7.2960E+01  0.0000E+00     8.0208E-03  8.0208E-03 -1.7789E-08
  7.3020E+01  0.0000E+00     8.3543E-03  8.3543E-03  6.1948E-07
  7.3080E+01  0.0000E+00     8.7071E-03  8.7071E-03 -3.3637E-07
  7.3140E+01  0.0000E+00     9.0754E-03  9.0754E-03  3.2286E-07
  7.3200E+01  0.0000E+00     9.4553E-03  9.4553E-03 -7.1128E-07
  7.3260E+01  0.0000E+00     9.8616E-03  9.8616E-03 -2.3123E-08
  7.3320E+01  0.0000E+00     1.0278E-02  1.0278E-02  7.7367E-07
  7.3380E+01  0.0000E+00     1.0719E-02  1.0719E-02 -4.2402E-07
  7.3440E+01  0.0000E+00     1.1179E-02  1.1179E-02  4.0409E-07
  7.3500E+01  0.0000E+00     1.1653E-02  1.1653E-02 -8.8128E-07
  7.3560E+01  0.0000E+00     1.2161E-02  1.2161E-02 -2.8604E-08
  7.3620E+01  0.0000E+00     1.2681E-02  1.2681E-02  9.5877E-07
  7.3680E+01  0.0000E+00     1.3231E-02  1.3231E-02 -5.2597E-07
  7.3740E+01  0.0000E+00     1.3805E-02  1.3805E-02  5.0129E-07
  7.3800E+01  0.0000E+00     1.4397E-02  1.4397E-02 -1.0900E-06
  7.3860E+01  0.0000E+00     1.5029E-02  1.5029E-02 -3.3278E-08
  7.3920E+01  0.0000E+00     1.5677E-02  1.5677E-02  1.1774E-06
  7.3980E+01  0.0000E+00     1.6362E-02  1.6362E-02 -6.4120E-07
  7.4040E+01  0.0000E+00     1.7076E-02  1.7076E-02  6.0736E-07
  7.4100E+01  0.0000E+00     1.7813E-02  1.7813E-02 -1.3338E-06
  7.4160E+01  0.0000E+00     1.8598E-02  1.8598E-02 -3.5352E-08
  7.4220E+01  0.0000E+00     1.9401E-02  1.9401E-02  1.4220E-06
  7.4280E+01  0.0000E+00     2.0250E-02  2.0250E-02 -7.6786E-07
  7.4340E+01  0.0000E+00     2.1133E-02  2.1133E-02  7.3139E-07
  7.4400E+01  0.0000E+00     2.2044E-02  2.2044E-02 -1.5822E-06
  7.4460E+01  0.0000E+00     2.3011E-02  2.3011E-02 -3.6736E-08
  7.4520E+01  0.0000E+00     2.4001E-02  2.4001E-02  1.6644E-06
  7.4580E+01  0.0000E+00     2.5044E-02  2.5044E-02 -8.9736E-07
  7.4640E+01  0.0000E+00     2.6127E-02  2.6127E-02  8.5449E-07
  7.4700E+01  0.0000E+00     2.7242E-02  2.7242E-02 -1.8289E-06
  7.4760E+01  0.0000E+00     2.8422E-02  2.8422E-02 -4.0467E-08
  7.4820E+01  0.0000E+00     2.9628E-02  2.9628E-02  1.9006E-06
  7.4880E+01  0.0000E+00     3.0895E-02  3.0895E-02 -9.9438E-07
  7.4940E+01  0.0000E+00     3.2205E-02  3.2205E-02  9.6151E-07
  7.5000E+01  0.0000E+00     3.3552E-02  3.3552E-02 -2.0158E-06
  7.5060E+01  0.0000E+00     3.4970E-02  3.4970E-02 -2.8059E-08
  7.5120E+01  0.0000E+00     3.6416E-02  3.6416E-02  2.0312E-06
  7.5180E+01  0.0000E+00     3.7929E-02  3.7929E-02 -1.0563E-06
  7.5240E+01  0.0000E+00     3.9486E-02  3.9486E-02  1.0294E-06
  7.5300E+01  0.0000E+00     4.1084E-02  4.1084E-02 -2.0750E-06
  7.5360E+01  0.0000E+00     4.2753E-02  4.2753E-02 -5.0319E-10
  7.5420E+01  0.0000E+00     4.4448E-02  4.4448E-02  2.0386E-06
  7.5480E+01  0.0000E+00     4.6216E-02  4.6216E-02 -1.0114E-06
  7.5540E+01  0.0000E+00     4.8021E-02  4.8021E-02  1.0014E-06
  7.5600E+01  0.0000E+00     4.9871E-02  4.9871E-02 -1.9403E-06
  7.5660E+01  0.0000E+00     5.1782E-02  5.1782E-02  3.7404E-08
  7.5720E+01  0.0000E+00     5.3717E-02  5.3717E-02  1.7896E-06
  7.5780E+01  0.0000E+00     5.5719E-02  5.5719E-02 -8.3213E-07
  7.5840E+01  0.0000E+00     5.7749E-02  5.7749E-02  8.5834E-07
  7.5900E+01  0.0000E+00     5.9820E-02  5.9820E-02 -1.4935E-06
  7.5960E+01  0.0000E+00     6.1932E-02  6.1932E-02  9.0380E-08
  7.6020E+01  0.0000E+00     6.4060E-02  6.4060E-02  1.2235E-06
  7.6080E+01  0.0000E+00     6.6243E-02  6.6243E-02 -4.5068E-07
  7.6140E+01  0.0000E+00     6.8432E-02  6.8432E-02  5.3906E-07
  7.6200E+01  0.0000E+00     7.0654E-02  7.0654E-02 -6.9348E-07
  7.6260E+01  0.0000E+00     7.2885E-02  7.2885E-02  1.5617E-07
  7.6320E+01  0.0000E+00     7.5120E-02  7.5120E-02  2.6693E-07
  7.6380E+01  0.0000E+00     7.7381E-02  7.7381E-02  1.1785E-07
  7.6440E+01  0.0000E+00     7.9623E-02  7.9623E-02  2.8619E-08
  7.6500E+01  0.0000E+00     8.1880E-02  8.1880E-02  4.8251E-07
  7.6560E+01  0.0000E+00     8.4100E-02  8.4100E-02  2.1247E-07
  7.6620E+01  0.0000E+00     8.6308E-02  8.6308E-02 -1.0222E-06
  7.6680E+01  0.0000E+00     8.8502E-02  8.8502E-02  8.5476E-07
  7.6740E+01  0.0000E+00     9.0643E-02  9.0643E-02 -6.4259E-07
  7.6800E+01  0.0000E+00     9.2776E-02  9.2776E-02  1.9915E-06
  7.6860E+01  0.0000E+00     9.4817E-02  9.4817E-02  2.4072E-07
  7.6920E+01  0.0000E+00     9.6827E-02  9.6827E-02 -2.5453E-06
  7.6980E+01  0.0000E+00     9.8772E-02  9.8772E-02  1.6722E-06
  7.7040E+01  0.0000E+00     1.0063E-01  1.0063E-01 -1.4019E-06
  7.7100E+01  0.0000E+00     1.0245E-01  1.0245E-01  3.5879E-06
  7.7160E+01  0.0000E+00     1.0413E-01  1.0413E-01  2.5727E-07
  7.7220E+01  0.0000E+00     1.0575E-01  1.0575E-01 -4.0581E-06
  7.7280E+01  0.0000E+00     1.0726E-01  1.0726E-01  2.3990E-06
  7.7340E+01  0.0000E+00     1.0865E-01  1.0865E-01 -2.1358E-06
  7.7400E+01  0.0000E+00     1.0997E-01  1.0997E-01  4.9854E-06
  7.7460E+01  0.0000E+00     1.1111E-01  1.1111E-01  2.2516E-07
  7.7520E+01  0.0000E+00     1.1217E-01  1.1217E-01 -5.2632E-06
  7.7580E+01  0.0000E+00     1.1307E-01  1.1307E-01  2.9233E-06
  7.7640E+01  0.0000E+00     1.1385E-01  1.1385E-01 -2.6790E-06
  7.7700E+01  0.0000E+00     1.1452E-01  1.1452E-01  5.8971E-06
  7.7760E+01  0.0000E+00     1.1498E-01  1.1498E-01  1.4711E-07
  7.7820E+01  0.0000E+00     1.1537E-01  1.1537E-01 -5.8880E-06
  7.7880E+01  0.0000E+00     1.1556E-01  1.1556E-01  3.1160E-06
  7.7940E+01  0.0000E+00     1.1562E-01  1.1562E-01 -2.9305E-06
  7.8000E+01  0.0000E+00     1.1556E-01  1.1556E-01  6.1079E-06
  7.8060E+01  0.0000E+00     1.1530E-01  1.1530E-01  4.5428E-08
  7.8120E+01  0.0000E+00     1.1496E-01  1.1496E-01 -5.8135E-06
  7.8180E+01  0.0000E+00     1.1442E-01  1.1442E-01  2.9259E-06
  7.8240E+01  0.0000E+00     1.1376E-01  1.1376E-01 -2.8222E-06
  7.8300E+01  0.0000E+00     1.1298E-01  1.1298E-01  5.5842E-06
  7.8360E+01  0.0000E+00     1.1203E-01  1.1203E-01 -5.2184E-08
  7.8420E+01  0.0000E+00     1.1100E-01  1.1100E-01 -5.0423E-06
  7.8480E+01  0.0000E+00     1.0979E-01  1.0979E-01  2.3943E-06
  7.8540E+01  0.0000E+00     1.0849E-01  1.0849E-01 -2.3767E-06
  7.8600E+01  0.0000E+00     1.0708E-01  1.0708E-01  4.4465E-06
  7.8660E+01  0.0000E+00     1.0554E-01  1.0554E-01 -1.3256E-07
  7.8720E+01  0.0000E+00     1.0395E-01  1.0395E-01 -3.7594E-06
  7.8780E+01  0.0000E+00     1.0221E-01  1.0221E-01  1.6497E-06
  7.8840E+01  0.0000E+00     1.0041E-01  1.0041E-01 -1.7107E-06
  7.8900E+01  0.0000E+00     9.8532E-02  9.8532E-02  2.9232E-06
  7.8960E+01  0.0000E+00     9.6576E-02  9.6576E-02 -1.7809E-07
  7.9020E+01  0.0000E+00     9.4585E-02  9.4585E-02 -2.2269E-06
  7.9080E+01  0.0000E+00     9.2493E-02  9.2493E-02  8.3165E-07
  7.9140E+01  0.0000E+00     9.0387E-02  9.0387E-02 -9.6051E-07
  7.9200E+01  0.0000E+00     8.8222E-02  8.8222E-02  1.3400E-06
  7.9260E+01  0.0000E+00     8.6035E-02  8.6035E-02 -1.7079E-07
  7.9320E+01  0.0000E+00     8.3832E-02  8.3832E-02 -7.4255E-07
  7.9380E+01  0.0000E+00     8.1583E-02  8.1583E-02  9.4790E-08
  7.9440E+01  0.0000E+00     7.9346E-02  7.9346E-02 -2.4679E-07
  7.9500E+01  0.0000E+00     7.7084E-02  7.7084E-02 -7.1358E-08
  7.9560E+01  0.0000E+00     7.4841E-02  7.4841E-02 -1.7535E-07
  7.9620E+01  0.0000E+00     7.2601E-02  7.2601E-02  4.9718E-07
  7.9680E+01  0.0000E+00     7.0361E-02  7.0361E-02 -4.7144E-07
  7.9740E+01  0.0000E+00     6.8151E-02  6.8151E-02  3.3957E-07
  7.9800E+01  0.0000E+00     6.5944E-02  6.5944E-02 -1.0996E-06
  7.9860E+01  0.0000E+00     6.3788E-02  6.3788E-02 -1.5143E-07
  7.9920E+01  0.0000E+00     6.1646E-02  6.1646E-02  1.3432E-06
  7.9980E+01  0.0000E+00     5.9540E-02  5.9540E-02 -8.4460E-07
  8.0040E+01  0.0000E+00     5.7474E-02  5.7474E-02  7.2337E-07
  8.0100E+01  0.0000E+00     5.5432E-02  5.5432E-02 -1.7660E-06
  8.0160E+01  0.0000E+00     5.3457E-02  5.3457E-02 -9.7011E-08
  8.0220E+01  0.0000E+00     5.1504E-02  5.1504E-02  1.8299E-06
  8.0280E+01  0.0000E+00     4.9610E-02  4.9610E-02 -1.0511E-06
  8.0340E+01  0.0000E+00     4.7760E-02  4.7760E-02  9.3294E-07
  8.0400E+01  0.0000E+00     4.5946E-02  4.5946E-02 -2.0621E-06
  8.0460E+01  0.0000E+00     4.4205E-02  4.4205E-02 -6.3984E-08
  8.0520E+01  0.0000E+00     4.2490E-02  4.2490E-02  2.0122E-06
  8.0580E+01  0.0000E+00     4.0844E-02  4.0844E-02 -1.0923E-06
  8.0640E+01  0.0000E+00     3.9241E-02  3.9241E-02  9.9135E-07
  8.0700E+01  0.0000E+00     3.7680E-02  3.7680E-02 -2.1176E-06
  8.0760E+01  0.0000E+00     3.6190E-02  3.6190E-02 -3.8229E-08
  8.0820E+01  0.0000E+00     3.4727E-02  3.4727E-02  1.9791E-06
  8.0880E+01  0.0000E+00     3.3333E-02  3.3333E-02 -1.0461E-06
  8.0940E+01  0.0000E+00     3.1980E-02  3.1980E-02  9.5836E-07
  8.1000E+01  0.0000E+00     3.0668E-02  3.0668E-02 -1.9802E-06
  8.1060E+01  0.0000E+00     2.9420E-02  2.9420E-02 -1.5390E-08
  8.1120E+01  0.0000E+00     2.8198E-02  2.8198E-02  1.8120E-06
  8.1180E+01  0.0000E+00     2.7042E-02  2.7042E-02 -9.3529E-07
  8.1240E+01  0.0000E+00     2.5921E-02  2.5921E-02  8.6542E-07
  8.1300E+01  0.0000E+00     2.4838E-02  2.4838E-02 -1.7691E-06
  8.1360E+01  0.0000E+00     2.3812E-02  2.3812E-02 -1.0431E-08
  8.1420E+01  0.0000E+00     2.2808E-02  2.2808E-02  1.5838E-06
  8.1480E+01  0.0000E+00     2.1862E-02  2.1862E-02 -8.0323E-07
  8.1540E+01  0.0000E+00     2.0946E-02  2.0946E-02  7.4551E-07
  8.1600E+01  0.0000E+00     2.0064E-02  2.0064E-02 -1.5157E-06
  8.1660E+01  0.0000E+00     1.9229E-02  1.9229E-02 -1.0283E-09
  8.1720E+01  0.0000E+00     1.8414E-02  1.8414E-02  1.3370E-06
  8.1780E+01  0.0000E+00     1.7648E-02  1.7648E-02 -6.7243E-07
  8.1840E+01  0.0000E+00     1.6907E-02  1.6907E-02  6.2841E-07
  8.1900E+01  0.0000E+00     1.6195E-02  1.6195E-02 -1.2574E-06
  8.1960E+01  0.0000E+00     1.5521E-02  1.5521E-02 -8.6655E-10
  8.2020E+01  0.0000E+00     1.4864E-02  1.4864E-02  1.1009E-06
  8.2080E+01  0.0000E+00     1.4248E-02  1.4248E-02 -5.5186E-07
  8.2140E+01  0.0000E+00     1.3652E-02  1.3652E-02  5.1530E-07
  8.2200E+01  0.0000E+00     1.3080E-02  1.3080E-02 -1.0298E-06
  8.2260E+01  0.0000E+00     1.2540E-02  1.2540E-02  8.2600E-10
  8.2320E+01  0.0000E+00     1.2012E-02  1.2012E-02  8.9590E-07
  8.2380E+01  0.0000E+00     1.1519E-02  1.1519E-02 -4.4741E-07
  8.2440E+01  0.0000E+00     1.1041E-02  1.1041E-02  4.1517E-07
  8.2500E+01  0.0000E+00     1.0583E-02  1.0583E-02 -8.3071E-07
  8.2560E+01  0.0000E+00     1.0150E-02  1.0150E-02  7.0153E-10
  8.2620E+01  0.0000E+00     9.7284E-03  9.7284E-03  7.1712E-07
  8.2680E+01  0.0000E+00     9.3336E-03  9.3336E-03 -3.5816E-07
  8.2740E+01  0.0000E+00     8.9511E-03  8.9511E-03  3.3258E-07
  8.2800E+01  0.0000E+00     8.5846E-03  8.5846E-03 -6.6433E-07
  8.2860E+01  0.0000E+00     8.2382E-03  8.2382E-03  1.4708E-09
  8.2920E+01  0.0000E+00     7.9004E-03  7.9004E-03  5.7035E-07
  8.2980E+01  0.0000E+00     7.5843E-03  7.5843E-03 -2.8622E-07
  8.3040E+01  0.0000E+00     7.2781E-03  7.2781E-03  2.6420E-07
  8.3100E+01  0.0000E+00     6.9845E-03  6.9845E-03 -5.2860E-07
  8.3160E+01  0.0000E+00     6.7069E-03  6.7069E-03  3.0750E-10
  8.3220E+01  0.0000E+00     6.4361E-03  6.4361E-03  4.5470E-07
  8.3280E+01  0.0000E+00     6.1827E-03  6.1827E-03 -2.2652E-07
  8.3340E+01  0.0000E+00     5.9370E-03  5.9370E-03  2.0810E-07
  8.3400E+01  0.0000E+00     5.7014E-03  5.7014E-03 -4.2034E-07
  8.3460E+01  0.0000E+00     5.4785E-03  5.4785E-03 -4.4784E-10
  8.3520E+01  0.0000E+00     5.2610E-03  5.2610E-03  3.5856E-07
  8.3580E+01  0.0000E+00     5.0572E-03  5.0572E-03 -1.7954E-07
  8.3640E+01  0.0000E+00     4.8595E-03  4.8595E-03  1.6608E-07
  8.3700E+01  0.0000E+00     4.6698E-03  4.6698E-03 -3.3374E-07
  8.3760E+01  0.0000E+00     4.4903E-03  4.4903E-03 -9.1811E-10
  8.3820E+01  0.0000E+00     4.3150E-03  4.3150E-03  2.8431E-07
  8.3880E+01  0.0000E+00     4.1505E-03  4.1505E-03 -1.4366E-07
  8.3940E+01  0.0000E+00     3.9910E-03  3.9910E-03  1.3089E-07
  8.4000E+01  0.0000E+00     3.8378E-03  3.8378E-03 -2.6420E-07
  8.4060E+01  0.0000E+00     3.6925E-03  3.6925E-03 -6.3394E-10
  8.4120E+01  0.0000E+00     3.5507E-03  3.5507E-03  2.2565E-07
  8.4180E+01  0.0000E+00     3.4175E-03  3.4175E-03 -1.1431E-07
  8.4240E+01  0.0000E+00     3.2882E-03  3.2882E-03  1.0418E-07
  8.4300E+01  0.0000E+00     3.1640E-03  3.1640E-03 -2.1068E-07
  8.4360E+01  0.0000E+00     3.0461E-03  3.0461E-03 -1.0120E-09
  8.4420E+01  0.0000E+00     2.9310E-03  2.9310E-03  1.7955E-07
  8.4480E+01  0.0000E+00     2.8227E-03  2.8227E-03 -9.1904E-08
  8.4540E+01  0.0000E+00     2.7176E-03  2.7176E-03  8.2739E-08
  8.4600E+01  0.0000E+00     2.6164E-03  2.6164E-03 -1.6878E-07
  8.4660E+01  0.0000E+00     2.5204E-03  2.5204E-03 -9.7713E-10
  8.4720E+01  0.0000E+00     2.4265E-03  2.4265E-03  1.4403E-07
  8.4780E+01  0.0000E+00     2.3382E-03  2.3382E-03 -7.3622E-08
  8.4840E+01  0.0000E+00     2.2524E-03  2.2524E-03  6.6322E-08
  8.4900E+01  0.0000E+00     2.1697E-03  2.1697E-03 -1.3644E-07
  8.4960E+01  0.0000E+00     2.0912E-03  2.0912E-03 -9.1191E-10
  8.5020E+01  0.0000E+00     2.0145E-03  2.0145E-03  1.1592E-07
  8.5080E+01  0.0000E+00     1.9421E-03  1.9421E-03 -5.9824E-08
  8.5140E+01  0.0000E+00     1.8719E-03  1.8719E-03  5.3417E-08
  8.5200E+01  0.0000E+00     1.8041E-03  1.8041E-03 -1.1017E-07
  8.5260E+01  0.0000E+00     1.7398E-03  1.7398E-03 -1.3037E-09
  8.5320E+01  0.0000E+00     1.6768E-03  1.6768E-03  9.4028E-08
  8.5380E+01  0.0000E+00     1.6174E-03  1.6174E-03 -4.8164E-08
  8.5440E+01  0.0000E+00     1.5597E-03  1.5597E-03  4.3329E-08
  8.5500E+01  0.0000E+00     1.5041E-03  1.5041E-03 -8.9880E-08
  8.5560E+01  0.0000E+00     1.4512E-03  1.4512E-03 -1.1802E-09
  8.5620E+01  0.0000E+00     1.3995E-03  1.3995E-03  7.6181E-08
  8.5680E+01  0.0000E+00     1.3506E-03  1.3506E-03 -3.9624E-08
  8.5740E+01  0.0000E+00     1.3032E-03  1.3032E-03  3.5346E-08
  8.5800E+01  0.0000E+00     1.2574E-03  1.2574E-03 -7.3196E-08
  8.5860E+01  0.0000E+00     1.2138E-03  1.2138E-03 -9.8414E-10
  8.5920E+01  0.0000E+00     1.1712E-03  1.1712E-03  6.2231E-08
  8.5980E+01  0.0000E+00     1.1310E-03  1.1310E-03 -3.2893E-08
  8.6040E+01  0.0000E+00     1.0919E-03  1.0919E-03  2.8829E-08
  8.6100E+01  0.0000E+00     1.0542E-03  1.0542E-03 -5.9992E-08
  8.6160E+01  0.0000E+00     1.0183E-03  1.0183E-03 -8.2383E-10
  8.6220E+01  0.0000E+00     9.8319E-04  9.8319E-04  5.1265E-08
  8.6280E+01  0.0000E+00     9.5002E-04  9.5002E-04 -2.6942E-08
  8.6340E+01  0.0000E+00     9.1779E-04  9.1779E-04  2.3600E-08
  8.6400E+01  0.0000E+00     8.8668E-04  8.8668E-04 -4.9688E-08
  8.6460E+01  0.0000E+00     8.5711E-04  8.5711E-04 -7.7881E-10
  8.6520E+01  0.0000E+00     8.2817E-04  8.2817E-04  4.2133E-08
  8.6580E+01  0.0000E+00     8.0081E-04  8.0081E-04 -2.2381E-08
  8.6640E+01  0.0000E+00     7.7424E-04  7.7424E-04  1.9452E-08
  8.6700E+01  0.0000E+00     7.4859E-04  7.4859E-04 -4.0925E-08
  8.6760E+01  0.0000E+00     7.2420E-04  7.2420E-04 -6.5439E-10
  8.6820E+01  0.0000E+00     7.0033E-04  7.0033E-04  3.4860E-08
  8.6880E+01  0.0000E+00     6.7777E-04  6.7777E-04 -1.8372E-08
  8.6940E+01  0.0000E+00     6.5586E-04  6.5586E-04  1.5918E-08
  8.7000E+01  0.0000E+00     6.3471E-04  6.3471E-04 -3.3944E-08
  8.7060E+01  0.0000E+00     6.1461E-04  6.1461E-04 -6.3386E-10
  8.7120E+01  0.0000E+00     5.9493E-04  5.9493E-04  2.8647E-08
  8.7180E+01  0.0000E+00     5.7633E-04  5.7633E-04 -1.5045E-08
  8.7240E+01  0.0000E+00     5.5827E-04  5.5827E-04  1.3225E-08
  8.7300E+01  0.0000E+00     5.4083E-04  5.4083E-04 -2.8099E-08
  8.7360E+01  0.0000E+00     5.2425E-04  5.2425E-04 -5.4699E-10
  8.7420E+01  0.0000E+00     5.0803E-04  5.0803E-04  2.3662E-08
  8.7480E+01  0.0000E+00     4.9270E-04  4.9270E-04 -1.2524E-08
  8.7540E+01  0.0000E+00     4.7780E-04  4.7780E-04  1.0829E-08
  8.7600E+01  0.0000E+00     4.6343E-04  4.6343E-04 -2.2983E-08
  8.7660E+01  0.0000E+00     4.4976E-04  4.4976E-04 -5.0737E-10
  8.7720E+01  0.0000E+00     4.3638E-04  4.3638E-04  1.9334E-08
  8.7780E+01  0.0000E+00     4.2374E-04  4.2374E-04 -1.0267E-08
  8.7840E+01  0.0000E+00     4.1145E-04  4.1145E-04  8.9468E-09
  8.7900E+01  0.0000E+00     3.9959E-04  3.9959E-04 -1.8923E-08
  8.7960E+01  0.0000E+00     3.8831E-04  3.8831E-04 -4.2503E-10
  8.8020E+01  0.0000E+00     3.7727E-04  3.7727E-04  1.5864E-08
  8.8080E+01  0.0000E+00     3.6683E-04  3.6683E-04 -8.4678E-09
  8.8140E+01  0.0000E+00     3.5669E-04  3.5669E-04  7.2889E-09
  8.8200E+01  0.0000E+00     3.4690E-04  3.4690E-04 -1.5553E-08
  8.8260E+01  0.0000E+00     3.3758E-04  3.3758E-04 -2.7948E-10
  8.8320E+01  0.0000E+00     3.2846E-04  3.2846E-04  1.2992E-08
  8.8380E+01  0.0000E+00     3.1983E-04  3.1983E-04 -7.0497E-09
  8.8440E+01  0.0000E+00     3.1144E-04  3.1144E-04  5.9337E-09
  8.8500E+01  0.0000E+00     3.0334E-04  3.0334E-04 -1.2672E-08
  8.8560E+01  0.0000E+00     2.9563E-04  2.9563E-04 -2.6053E-10
  8.8620E+01  0.0000E+00     2.8808E-04  2.8808E-04  1.0647E-08
  8.8680E+01  0.0000E+00     2.8093E-04  2.8093E-04 -5.6586E-09
  8.8740E+01  0.0000E+00     2.7398E-04  2.7398E-04  4.8153E-09
  8.8800E+01  0.0000E+00     2.6727E-04  2.6727E-04 -1.0489E-08
  8.8860E+01  0.0000E+00     2.6087E-04  2.6087E-04 -2.0603E-10
  8.8920E+01  0.0000E+00     2.5460E-04  2.5460E-04  8.7071E-09
  8.8980E+01  0.0000E+00     2.4866E-04  2.4866E-04 -4.6578E-09
  8.9040E+01  0.0000E+00     2.4289E-04  2.4289E-04  3.9195E-09
  8.9100E+01  0.0000E+00     2.3730E-04  2.3730E-04 -8.5241E-09
  8.9160E+01  0.0000E+00     2.3198E-04  2.3198E-04 -1.9237E-10
  8.9220E+01  0.0000E+00     2.2676E-04  2.2676E-04  7.0648E-09
  8.9280E+01  0.0000E+00     2.2181E-04  2.2181E-04 -3.8106E-09
  8.9340E+01  0.0000E+00     2.1699E-04  2.1699E-04  3.2224E-09
  8.9400E+01  0.0000E+00     2.1233E-04  2.1233E-04 -6.9332E-09
  8.9460E+01  0.0000E+00     2.0788E-04  2.0788E-04 -1.6971E-10
  8.9520E+01  0.0000E+00     2.0352E-04  2.0352E-04  5.7641E-09
  8.9580E+01  0.0000E+00     1.9937E-04  1.9937E-04 -3.1021E-09
  8.9640E+01  0.0000E+00     1.9534E-04  1.9534E-04  2.6178E-09
  8.9700E+01  0.0000E+00     1.9143E-04  1.9143E-04 -5.6801E-09
  8.9760E+01  0.0000E+00     1.8769E-04  1.8769E-04 -1.5510E-10
  8.9820E+01  0.0000E+00     1.8403E-04  1.8403E-04  4.6984E-09
  8.9880E+01  0.0000E+00     1.8054E-04  1.8054E-04 -2.5503E-09
  8.9940E+01  0.0000E+00     1.7714E-04  1.7714E-04  2.1441E-09
  9.0000E+01  0.0000E+00     1.7385E-04  1.7385E-04 -4.6221E-09
  6.0000E+01  5.0000E-01     8.0269E-05  8.0235E-05 -2.3347E-06
  6.0060E+01  5.0000E-01     8.0833E-05  8.0799E-05 -2.3501E-06
  6.0120E+01  5.0000E-01     8.1401E-05  8.1366E-05 -2.3652E-06
  6.0180E+01  5.0000E-01     8.1972E-05  8.1937E-05 -2.3799E-06
  6.0240E+01  5.0000E-01     8.2546E-05  8.2512E-05 -2.3934E-06
  6.0300E+01  5.0000E-01     8.3124E-05  8.3089E-05 -2.4068E-06
  6.0360E+01  5.0000E-01     8.3704E-05  8.3669E-05 -2.4191E-06
  6.0420E+01  5.0000E-01     8.4287E-05  8.4252E-05 -2.4311E-06
  6.0480E+01  5.0000E-01     8.4873E-05  8.4838E-05 -2.4429E-06
  6.0540E+01  5.0000E-01     8.5461E-05  8.5426E-05 -2.4541E-06
  6.0600E+01  5.0000E-01     8.6052E-05  8.6017E-05 -2.4654E-06
  6.0660E+01  5.0000E-01     8.6646E-05  8.6610E-05 -2.4761E-06
  6.0720E+01  5.0000E-01     8.7241E-05  8.7206E-05 -2.4868E-06
  6.0780E+01  5.0000E-01     8.7840E-05  8.7804E-05 -2.4976E-06
  6.0840E+01  5.0000E-01     8.8440E-05  8.8405E-05 -2.5081E-06
  6.0900E+01  5.0000E-01     8.9043E-05  8.9008E-05 -2.5192E-06
  6.0960E+01  5.0000E-01     8.9649E-05  8.9613E-05 -2.5300E-06
  6.1020E+01  5.0000E-01     9.0257E-05  9.0221E-05 -2.5411E-06
  6.1080E+01  5.0000E-01     9.0868E-05  9.0832E-05 -2.5527E-06
  6.1140E+01  5.0000E-01     9.1481E-05  9.1445E-05 -2.5643E-06
  6.1200E+01  5.0000E-01     9.2097E-05  9.2061E-05 -2.5769E-06
  6.1260E+01  5.0000E-01     9.2716E-05  9.2680E-05 -2.5896E-06
  6.1320E+01  5.0000E-01     9.3337E-05  9.3301E-05 -2.6030E-06
  6.1380E+01  5.0000E-01     9.3963E-05  9.3926E-05 -2.6173E-06
  6.1440E+01  5.0000E-01     9.4591E-05  9.4554E-05 -2.6320E-06
  6.1500E+01  5.0000E-01     9.5223E-05  9.5186E-05 -2.6482E-06
  6.1560E+01  5.0000E-01     9.5858E-05  9.5821E-05 -2.6647E-06
  6.1620E+01  5.0000E-01     9.6498E-05  9.6460E-05 -2.6824E-06
  6.1680E+01  5.0000E-01     9.7142E-05  9.7104E-05 -2.7015E-06
  6.1740E+01  5.0000E-01     9.7790E-05  9.7752E-05 -2.7210E-06
  6.1800E+01  5.0000E-01     9.8443E-05  9.8405E-05 -2.7428E-06
  6.1860E+01  5.0000E-01     9.9102E-05  9.9063E-05 -2.7653E-06
  6.1920E+01  5.0000E-01     9.9765E-05  9.9726E-05 -2.7891E-06
  6.1980E+01  5.0000E-01     1.0043E-04  1.0040E-04 -2.8152E-06
  6.2040E+01  5.0000E-01     1.0111E-04  1.0107E-04 -2.8419E-06
  6.2100E+01  5.0000E-01     1.0179E-04  1.0175E-04 -2.8716E-06
  6.2160E+01  5.0000E-01     1.0248E-04  1.0244E-04 -2.9021E-06
  6.2220E+01  5.0000E-01     1.0318E-04  1.0314E-04 -2.9345E-06
  6.2280E+01  5.0000E-01     1.0388E-04  1.0384E-04 -2.9698E-06
  6.2340E+01  5.0000E-01     1.0460E-04  1.0455E-04 -3.0058E-06
  6.2400E+01  5.0000E-01     1.0532E-04  1.0527E-04 -3.0458E-06
  6.2460E+01  5.0000E-01     1.0605E-04  1.0601E-04 -3.0869E-06
  6.2520E+01  5.0000E-01     1.0679E-04  1.0675E-04 -3.1302E-06
  6.2580E+01  5.0000E-01     1.0754E-04  1.0750E-04 -3.1773E-06
  6.2640E+01  5.0000E-01     1.0831E-04  1.0826E-04 -3.2252E-06
  6.2700E+01  5.0000E-01     1.0908E-04  1.0903E-04 -3.2782E-06
  6.2760E+01  5.0000E-01     1.0987E-04  1.0982E-04 -3.3323E-06
  6.2820E+01  5.0000E-01     1.1067E-04  1.1062E-04 -3.3894E-06
  6.2880E+01  5.0000E-01     1.1149E-04  1.1144E-04 -3.4510E-06
  6.2940E+01  5.0000E-01     1.1232E-04  1.1226E-04 -3.5136E-06
  6.3000E+01  5.0000E-01     1.1316E-04  1.1311E-04 -3.5824E-06
  6.3060E+01  5.0000E-01     1.1403E-04  1.1397E-04 -3.6525E-06
  6.3120E+01  5.0000E-01     1.1491E-04  1.1484E-04 -3.7262E-06
  6.3180E+01  5.0000E-01     1.1580E-04  1.1574E-04 -3.8057E-06
  6.3240E+01  5.0000E-01     1.1672E-04  1.1665E-04 -3.8860E-06
  6.3300E+01  5.0000E-01     1.1766E-04  1.1759E-04 -3.9743E-06
  6.3360E+01  5.0000E-01     1.1861E-04  1.1855E-04 -4.0637E-06
  6.3420E+01  5.0000E-01     1.1959E-04  1.1952E-04 -4.1576E-06
  6.3480E+01  5.0000E-01     1.2060E-04  1.2052E-04 -4.2584E-06
  6.3540E+01  5.0000E-01     1.2162E-04  1.2154E-04 -4.3601E-06
  6.3600E+01  5.0000E-01     1.2267E-04  1.2259E-04 -4.4714E-06
  6.3660E+01  5.0000E-01     1.2376E-04  1.2367E-04 -4.5841E-06
  6.3720E+01  5.0000E-01     1.2486E-04  1.2477E-04 -4.7021E-06
  6.3780E+01  5.0000E-01     1.2600E-04  1.2590E-04 -4.8287E-06
  6.3840E+01  5.0000E-01     1.2716E-04  1.2707E-04 -4.9559E-06
  6.3900E+01  5.0000E-01     1.2836E-04  1.2826E-04 -5.0950E-06
  6.3960E+01  5.0000E-01     1.2959E-04  1.2949E-04 -5.2352E-06
  6.4020E+01  5.0000E-01     1.3085E-04  1.3074E-04 -5.3819E-06
  6.4080E+01  5.0000E-01     1.3216E-04  1.3204E-04 -5.5390E-06
  6.4140E+01  5.0000E-01     1.3350E-04  1.3337E-04 -5.6965E-06
  6.4200E+01  5.0000E-01     1.3487E-04  1.3475E-04 -5.8687E-06
  6.4260E+01  5.0000E-01     1.3630E-04  1.3616E-04 -6.0417E-06
  6.4320E+01  5.0000E-01     1.3776E-04  1.3761E-04 -6.2226E-06
  6.4380E+01  5.0000E-01     1.3927E-04  1.3912E-04 -6.4160E-06
  6.4440E+01  5.0000E-01     1.4082E-04  1.4066E-04 -6.6098E-06
  6.4500E+01  5.0000E-01     1.4242E-04  1.4225E-04 -6.8213E-06
  6.4560E+01  5.0000E-01     1.4407E-04  1.4390E-04 -7.0335E-06
  6.4620E+01  5.0000E-01     1.4577E-04  1.4559E-04 -7.2549E-06
  6.4680E+01  5.0000E-01     1.4754E-04  1.4735E-04 -7.4911E-06
  6.4740E+01  5.0000E-01     1.4935E-04  1.4915E-04 -7.7280E-06
  6.4800E+01  5.0000E-01     1.5122E-04  1.5101E-04 -7.9862E-06
  6.4860E+01  5.0000E-01     1.5316E-04  1.5294E-04 -8.2446E-06
  6.4920E+01  5.0000E-01     1.5516E-04  1.5492E-04 -8.5145E-06
  6.4980E+01  5.0000E-01     1.5723E-04  1.5698E-04 -8.8021E-06
  6.5040E+01  5.0000E-01     1.5936E-04  1.5910E-04 -9.0900E-06
  6.5100E+01  5.0000E-01     1.6157E-04  1.6129E-04 -9.4033E-06
  6.5160E+01  5.0000E-01     1.6385E-04  1.6357E-04 -9.7175E-06
  6.5220E+01  5.0000E-01     1.6621E-04  1.6590E-04 -1.0045E-05
  6.5280E+01  5.0000E-01     1.6865E-04  1.6833E-04 -1.0393E-05
  6.5340E+01  5.0000E-01     1.7118E-04  1.7084E-04 -1.0742E-05
  6.5400E+01  5.0000E-01     1.7378E-04  1.7343E-04 -1.1121E-05
  6.5460E+01  5.0000E-01     1.7649E-04  1.7612E-04 -1.1501E-05
  6.5520E+01  5.0000E-01     1.7928E-04  1.7888E-04 -1.1896E-05
  6.5580E+01  5.0000E-01     1.8218E-04  1.8176E-04 -1.2318E-05
  6.5640E+01  5.0000E-01     1.8517E-04  1.8473E-04 -1.2739E-05
  6.5700E+01  5.0000E-01     1.8827E-04  1.8780E-04 -1.3197E-05
  6.5760E+01  5.0000E-01     1.9148E-04  1.9100E-04 -1.3655E-05
  6.5820E+01  5.0000E-01     1.9480E-04  1.9428E-04 -1.4132E-05
  6.5880E+01  5.0000E-01     1.9824E-04  1.9770E-04 -1.4639E-05
  6.5940E+01  5.0000E-01     2.0180E-04  2.0123E-04 -1.5146E-05
  6.6000E+01  5.0000E-01     2.0549E-04  2.0489E-04 -1.5698E-05
  6.6060E+01  5.0000E-01     2.0931E-04  2.0868E-04 -1.6250E-05
  6.6120E+01  5.0000E-01     2.1326E-04  2.1259E-04 -1.6824E-05
  6.6180E+01  5.0000E-01     2.1737E-04  2.1667E-04 -1.7435E-05
  6.6240E+01  5.0000E-01     2.2161E-04  2.2087E-04 -1.8046E-05
  6.6300E+01  5.0000E-01     2.2600E-04  2.2522E-04 -1.8709E-05
  6.6360E+01  5.0000E-01     2.3057E-04  2.2975E-04 -1.9371E-05
  6.6420E+01  5.0000E-01     2.3527E-04  2.3441E-04 -2.0062E-05
  6.6480E+01  5.0000E-01     2.4017E-04  2.3927E-04 -2.0797E-05
  6.6540E+01  5.0000E-01     2.4523E-04  2.4428E-04 -2.1530E-05
  6.6600E+01  5.0000E-01     2.5048E-04  2.4948E-04 -2.2328E-05
  6.6660E+01  5.0000E-01     2.5593E-04  2.5488E-04 -2.3125E-05
  6.6720E+01  5.0000E-01     2.6155E-04  2.6045E-04 -2.3954E-05
  6.6780E+01  5.0000E-01     2.6741E-04  2.6625E-04 -2.4836E-05
  6.6840E+01  5.0000E-01     2.7345E-04  2.7224E-04 -2.5717E-05
  6.6900E+01  5.0000E-01     2.7972E-04  2.7844E-04 -2.6674E-05
  6.6960E+01  5.0000E-01     2.8623E-04  2.8490E-04 -2.7630E-05
  6.7020E+01  5.0000E-01     2.9295E-04  2.9155E-04 -2.8626E-05
  6.7080E+01  5.0000E-01     2.9995E-04  2.9848E-04 -2.9685E-05
  6.7140E+01  5.0000E-01     3.0718E-04  3.0564E-04 -3.0744E-05
  6.7200E+01  5.0000E-01     3.1468E-04  3.1306E-04 -3.1894E-05
  6.7260E+01  5.0000E-01     3.2247E-04  3.2077E-04 -3.3042E-05
  6.7320E+01  5.0000E-01     3.3051E-04  3.2873E-04 -3.4236E-05
  6.7380E+01  5.0000E-01     3.3889E-04  3.3702E-04 -3.5510E-05
  6.7440E+01  5.0000E-01     3.4753E-04  3.4558E-04 -3.6781E-05
  6.7500E+01  5.0000E-01     3.5651E-04  3.5446E-04 -3.8161E-05
  6.7560E+01  5.0000E-01     3.6584E-04  3.6369E-04 -3.9540E-05
  6.7620E+01  5.0000E-01     3.7546E-04  3.7321E-04 -4.0974E-05
  6.7680E+01  5.0000E-01     3.8548E-04  3.8313E-04 -4.2503E-05
  6.7740E+01  5.0000E-01     3.9584E-04  3.9338E-04 -4.4029E-05
  6.7800E+01  5.0000E-01     4.0658E-04  4.0401E-04 -4.5688E-05
  6.7860E+01  5.0000E-01     4.1775E-04  4.1506E-04 -4.7347E-05
  6.7920E+01  5.0000E-01     4.2927E-04  4.2646E-04 -4.9071E-05
  6.7980E+01  5.0000E-01     4.4129E-04  4.3834E-04 -5.0912E-05
  6.8040E+01  5.0000E-01     4.5369E-04  4.5061E-04 -5.2746E-05
  6.8100E+01  5.0000E-01     4.6656E-04  4.6334E-04 -5.4738E-05
  6.8160E+01  5.0000E-01     4.7995E-04  4.7659E-04 -5.6732E-05
  6.8220E+01  5.0000E-01     4.9376E-04  4.9024E-04 -5.8807E-05
  6.8280E+01  5.0000E-01     5.0816E-04  5.0448E-04 -6.1021E-05
  6.8340E+01  5.0000E-01     5.2303E-04  5.1919E-04 -6.3230E-05
  6.8400E+01  5.0000E-01     5.3846E-04  5.3444E-04 -6.5630E-05
  6.8460E+01  5.0000E-01     5.5451E-04  5.5032E-04 -6.8032E-05
  6.8520E+01  5.0000E-01     5.7107E-04  5.6670E-04 -7.0532E-05
  6.8580E+01  5.0000E-01     5.8835E-04  5.8377E-04 -7.3200E-05
  6.8640E+01  5.0000E-01     6.0618E-04  6.0142E-04 -7.5863E-05
  6.8700E+01  5.0000E-01     6.2471E-04  6.1972E-04 -7.8760E-05
  6.8760E+01  5.0000E-01     6.4397E-04  6.3877E-04 -8.1655E-05
  6.8820E+01  5.0000E-01     6.6385E-04  6.5843E-04 -8.4670E-05
  6.8880E+01  5.0000E-01     6.8459E-04  6.7893E-04 -8.7892E-05
  6.8940E+01  5.0000E-01     7.0601E-04  7.0011E-04 -9.1108E-05
  6.9000E+01  5.0000E-01     7.2826E-04  7.2209E-04 -9.4606E-05
  6.9060E+01  5.0000E-01     7.5141E-04  7.4497E-04 -9.8111E-05
  6.9120E+01  5.0000E-01     7.7529E-04  7.6858E-04 -1.0176E-04
  6.9180E+01  5.0000E-01     8.0022E-04  7.9321E-04 -1.0566E-04
  6.9240E+01  5.0000E-01     8.2598E-04  8.1868E-04 -1.0955E-04
  6.9300E+01  5.0000E-01     8.5273E-04  8.4510E-04 -1.1379E-04
  6.9360E+01  5.0000E-01     8.8057E-04  8.7262E-04 -1.1804E-04
  6.9420E+01  5.0000E-01     9.0931E-04  9.0103E-04 -1.2246E-04
  6.9480E+01  5.0000E-01     9.3931E-04  9.3066E-04 -1.2719E-04
  6.9540E+01  5.0000E-01     9.7031E-04  9.6130E-04 -1.3192E-04
  6.9600E+01  5.0000E-01     1.0025E-03  9.9311E-04 -1.3707E-04
  6.9660E+01  5.0000E-01     1.0361E-03  1.0263E-03 -1.4224E-04
  6.9720E+01  5.0000E-01     1.0707E-03  1.0605E-03 -1.4762E-04
  6.9780E+01  5.0000E-01     1.1069E-03  1.0962E-03 -1.5338E-04
  6.9840E+01  5.0000E-01     1.1443E-03  1.1331E-03 -1.5914E-04
  6.9900E+01  5.0000E-01     1.1831E-03  1.1715E-03 -1.6542E-04
  6.9960E+01  5.0000E-01     1.2236E-03  1.2115E-03 -1.7173E-04
  7.0020E+01  5.0000E-01     1.2654E-03  1.2528E-03 -1.7830E-04
  7.0080E+01  5.0000E-01     1.3091E-03  1.2959E-03 -1.8534E-04
  7.0140E+01  5.0000E-01     1.3543E-03  1.3406E-03 -1.9239E-04
  7.0200E+01  5.0000E-01     1.4013E-03  1.3869E-03 -2.0008E-04
  7.0260E+01  5.0000E-01     1.4503E-03  1.4353E-03 -2.0780E-04
  7.0320E+01  5.0000E-01     1.5009E-03  1.4853E-03 -2.1586E-04
  7.0380E+01  5.0000E-01     1.5538E-03  1.5375E-03 -2.2449E-04
  7.0440E+01  5.0000E-01     1.6085E-03  1.5915E-03 -2.3315E-04
  7.0500E+01  5.0000E-01     1.6655E-03  1.6477E-03 -2.4260E-04
  7.0560E+01  5.0000E-01     1.7249E-03  1.7063E-03 -2.5211E-04
  7.0620E+01  5.0000E-01     1.7863E-03  1.7669E-03 -2.6204E-04
  7.0680E+01  5.0000E-01     1.8505E-03  1.8303E-03 -2.7269E-04
  7.0740E+01  5.0000E-01     1.9170E-03  1.8959E-03 -2.8338E-04
  7.0800E+01  5.0000E-01     1.9862E-03  1.9642E-03 -2.9504E-04
  7.0860E+01  5.0000E-01     2.0585E-03  2.0355E-03 -3.0680E-04
  7.0920E+01  5.0000E-01     2.1332E-03  2.1092E-03 -3.1908E-04
  7.0980E+01  5.0000E-01     2.2114E-03  2.1863E-03 -3.3228E-04
  7.1040E+01  5.0000E-01     2.2925E-03  2.2663E-03 -3.4553E-04
  7.1100E+01  5.0000E-01     2.3769E-03  2.3494E-03 -3.6008E-04
  7.1160E+01  5.0000E-01     2.4651E-03  2.4365E-03 -3.7462E-04
  7.1220E+01  5.0000E-01     2.5564E-03  2.5265E-03 -3.8989E-04
  7.1280E+01  5.0000E-01     2.6520E-03  2.6207E-03 -4.0631E-04
  7.1340E+01  5.0000E-01     2.7511E-03  2.7184E-03 -4.2283E-04
  7.1400E+01  5.0000E-01     2.8544E-03  2.8201E-03 -4.4096E-04
  7.1460E+01  5.0000E-01     2.9625E-03  2.9267E-03 -4.5911E-04
  7.1520E+01  5.0000E-01     3.0744E-03  3.0370E-03 -4.7818E-04
  7.1580E+01  5.0000E-01     3.1917E-03  3.1525E-03 -4.9872E-04
  7.1640E+01  5.0000E-01     3.3134E-03  3.2724E-03 -5.1937E-04
  7.1700E+01  5.0000E-01     3.4403E-03  3.3973E-03 -5.4208E-04
  7.1760E+01  5.0000E-01     3.5733E-03  3.5283E-03 -5.6485E-04
  7.1820E+01  5.0000E-01     3.7109E-03  3.6639E-03 -5.8876E-04
  7.1880E+01  5.0000E-01     3.8555E-03  3.8062E-03 -6.1453E-04
  7.1940E+01  5.0000E-01     4.0055E-03  3.9539E-03 -6.4048E-04
  7.2000E+01  5.0000E-01     4.1620E-03  4.1079E-03 -6.6902E-04
  7.2060E+01  5.0000E-01     4.3262E-03  4.2696E-03 -6.9761E-04
  7.2120E+01  5.0000E-01     4.4963E-03  4.4370E-03 -7.2769E-04
  7.2180E+01  5.0000E-01     4.6751E-03  4.6129E-03 -7.6015E-04
  7.2240E+01  5.0000E-01     4.8607E-03  4.7956E-03 -7.9282E-04
  7.2300E+01  5.0000E-01     5.0546E-03  4.9862E-03 -8.2877E-04
  7.2360E+01  5.0000E-01     5.2581E-03  5.1864E-03 -8.6485E-04
  7.2420E+01  5.0000E-01     5.4690E-03  5.3940E-03 -9.0277E-04
  7.2480E+01  5.0000E-01     5.6909E-03  5.6121E-03 -9.4366E-04
  7.2540E+01  5.0000E-01     5.9214E-03  5.8390E-03 -9.8489E-04
  7.2600E+01  5.0000E-01     6.1624E-03  6.0757E-03 -1.0302E-03
  7.2660E+01  5.0000E-01     6.4155E-03  6.3247E-03 -1.0757E-03
  7.2720E+01  5.0000E-01     6.6781E-03  6.5829E-03 -1.1235E-03
  7.2780E+01  5.0000E-01     6.9544E-03  6.8544E-03 -1.1751E-03
  7.2840E+01  5.0000E-01     7.2416E-03  7.1369E-03 -1.2271E-03
  7.2900E+01  5.0000E-01     7.5420E-03  7.4319E-03 -1.2842E-03
  7.2960E+01  5.0000E-01     7.8577E-03  7.7424E-03 -1.3415E-03
  7.3020E+01  5.0000E-01     8.1853E-03  8.0644E-03 -1.4018E-03
  7.3080E+01  5.0000E-01     8.5304E-03  8.4033E-03 -1.4668E-03
  7.3140E+01  5.0000E-01     8.8891E-03  8.7561E-03 -1.5321E-03
  7.3200E+01  5.0000E-01     9.2644E-03  9.1245E-03 -1.6039E-03
  7.3260E+01  5.0000E-01     9.6589E-03  9.5124E-03 -1.6759E-03
  7.3320E+01  5.0000E-01     1.0068E-02  9.9149E-03 -1.7515E-03
  7.3380E+01  5.0000E-01     1.0500E-02  1.0339E-02 -1.8330E-03
  7.3440E+01  5.0000E-01     1.0948E-02  1.0780E-02 -1.9148E-03
  7.3500E+01  5.0000E-01     1.1418E-02  1.1240E-02 -2.0046E-03
  7.3560E+01  5.0000E-01     1.1911E-02  1.1726E-02 -2.0946E-03
  7.3620E+01  5.0000E-01     1.2423E-02  1.2229E-02 -2.1888E-03
  7.3680E+01  5.0000E-01     1.2963E-02  1.2759E-02 -2.2902E-03
  7.3740E+01  5.0000E-01     1.3523E-02  1.3310E-02 -2.3918E-03
  7.3800E+01  5.0000E-01     1.4110E-02  1.3886E-02 -2.5031E-03
  7.3860E+01  5.0000E-01     1.4727E-02  1.4493E-02 -2.6143E-03
  7.3920E+01  5.0000E-01     1.5366E-02  1.5122E-02 -2.7305E-03
  7.3980E+01  5.0000E-01     1.6040E-02  1.5783E-02 -2.8552E-03
  7.4040E+01  5.0000E-01     1.6739E-02  1.6472E-02 -2.9799E-03
  7.4100E+01  5.0000E-01     1.7471E-02  1.7190E-02 -3.1162E-03
  7.4160E+01  5.0000E-01     1.8239E-02  1.7946E-02 -3.2517E-03
  7.4220E+01  5.0000E-01     1.9035E-02  1.8730E-02 -3.3928E-03
  7.4280E+01  5.0000E-01     1.9872E-02  1.9553E-02 -3.5438E-03
  7.4340E+01  5.0000E-01     2.0741E-02  2.0409E-02 -3.6940E-03
  7.4400E+01  5.0000E-01     2.1648E-02  2.1301E-02 -3.8573E-03
  7.4460E+01  5.0000E-01     2.2599E-02  2.2239E-02 -4.0189E-03
  7.4520E+01  5.0000E-01     2.3583E-02  2.3209E-02 -4.1867E-03
  7.4580E+01  5.0000E-01     2.4617E-02  2.4227E-02 -4.3651E-03
  7.4640E+01  5.0000E-01     2.5688E-02  2.5283E-02 -4.5414E-03
  7.4700E+01  5.0000E-01     2.6804E-02  2.6383E-02 -4.7320E-03
  7.4760E+01  5.0000E-01     2.7970E-02  2.7534E-02 -4.9193E-03
  7.4820E+01  5.0000E-01     2.9176E-02  2.8725E-02 -5.1121E-03
  7.4880E+01  5.0000E-01     3.0438E-02  2.9970E-02 -5.3155E-03
  7.4940E+01  5.0000E-01     3.1743E-02  3.1260E-02 -5.5148E-03
  7.5000E+01  5.0000E-01     3.3098E-02  3.2599E-02 -5.7281E-03
  7.5060E+01  5.0000E-01     3.4511E-02  3.3996E-02 -5.9357E-03
  7.5120E+01  5.0000E-01     3.5966E-02  3.5437E-02 -6.1473E-03
  7.5180E+01  5.0000E-01     3.7483E-02  3.6938E-02 -6.3681E-03
  7.5240E+01  5.0000E-01     3.9047E-02  3.8489E-02 -6.5815E-03
  7.5300E+01  5.0000E-01     4.0664E-02  4.0090E-02 -6.8069E-03
  7.5360E+01  5.0000E-01     4.2342E-02  4.1756E-02 -7.0222E-03
  7.5420E+01  5.0000E-01     4.4063E-02  4.3465E-02 -7.2384E-03
  7.5480E+01  5.0000E-01     4.5849E-02  4.5237E-02 -7.4606E-03
  7.5540E+01  5.0000E-01     4.7681E-02  4.7060E-02 -7.6702E-03
  7.5600E+01  5.0000E-01     4.9565E-02  4.8933E-02 -7.8873E-03
  7.5660E+01  5.0000E-01     5.1507E-02  5.0868E-02 -8.0893E-03
  7.5720E+01  5.0000E-01     5.3490E-02  5.2844E-02 -8.2870E-03
  7.5780E+01  5.0000E-01     5.5530E-02  5.4878E-02 -8.4837E-03
  7.5840E+01  5.0000E-01     5.7613E-02  5.6958E-02 -8.6627E-03
  7.5900E+01  5.0000E-01     5.9738E-02  5.9080E-02 -8.8404E-03
  7.5960E+01  5.0000E-01     6.1910E-02  6.1253E-02 -8.9968E-03
  7.6020E+01  5.0000E-01     6.4112E-02  6.3457E-02 -9.1421E-03
  7.6080E+01  5.0000E-01     6.6358E-02  6.5706E-02 -9.2767E-03
  7.6140E+01  5.0000E-01     6.8632E-02  6.7987E-02 -9.3879E-03
  7.6200E+01  5.0000E-01     7.0930E-02  7.0292E-02 -9.4856E-03
  7.6260E+01  5.0000E-01     7.3252E-02  7.2626E-02 -9.5568E-03
  7.6320E+01  5.0000E-01     7.5587E-02  7.4973E-02 -9.6090E-03
  7.6380E+01  5.0000E-01     7.7936E-02  7.7338E-02 -9.6383E-03
  7.6440E+01  5.0000E-01     8.0292E-02  7.9711E-02 -9.6403E-03
  7.6500E+01  5.0000E-01     8.2643E-02  8.2082E-02 -9.6142E-03
  7.6560E+01  5.0000E-01     8.4984E-02  8.4444E-02 -9.5588E-03
  7.6620E+01  5.0000E-01     8.7311E-02  8.6795E-02 -9.4766E-03
  7.6680E+01  5.0000E-01     8.9612E-02  8.9122E-02 -9.3590E-03
  7.6740E+01  5.0000E-01     9.1888E-02  9.1425E-02 -9.2148E-03
  7.6800E+01  5.0000E-01     9.4122E-02  9.3688E-02 -9.0285E-03
  7.6860E+01  5.0000E-01     9.6300E-02  9.5896E-02 -8.8152E-03
  7.6920E+01  5.0000E-01     9.8434E-02  9.8060E-02 -8.5704E-03
  7.6980E+01  5.0000E-01     1.0049E-01  1.0015E-01 -8.2813E-03
  7.7040E+01  5.0000E-01     1.0249E-01  1.0218E-01 -7.9708E-03
  7.7100E+01  5.0000E-01     1.0440E-01  1.0412E-01 -7.6084E-03
  7.7160E+01  5.0000E-01     1.0621E-01  1.0597E-01 -7.2280E-03
  7.7220E+01  5.0000E-01     1.0794E-01  1.0773E-01 -6.8167E-03
  7.7280E+01  5.0000E-01     1.0955E-01  1.0936E-01 -6.3584E-03
  7.7340E+01  5.0000E-01     1.1106E-01  1.1090E-01 -5.8908E-03
  7.7400E+01  5.0000E-01     1.1244E-01  1.1232E-01 -5.3694E-03
  7.7460E+01  5.0000E-01     1.1369E-01  1.1358E-01 -4.8450E-03
  7.7520E+01  5.0000E-01     1.1482E-01  1.1474E-01 -4.2963E-03
  7.7580E+01  5.0000E-01     1.1579E-01  1.1573E-01 -3.7058E-03
  7.7640E+01  5.0000E-01     1.1663E-01  1.1659E-01 -3.1232E-03
  7.7700E+01  5.0000E-01     1.1733E-01  1.1731E-01 -2.4934E-03
  7.7760E+01  5.0000E-01     1.1785E-01  1.1784E-01 -1.8792E-03
  7.7820E+01  5.0000E-01     1.1825E-01  1.1825E-01 -1.2527E-03
  7.7880E+01  5.0000E-01     1.1847E-01  1.1847E-01 -5.9746E-04
  7.7940E+01  5.0000E-01     1.1854E-01  1.1854E-01  3.2024E-05
  7.8000E+01  5.0000E-01     1.1846E-01  1.1846E-01  6.9418E-04
  7.8060E+01  5.0000E-01     1.1820E-01  1.1819E-01  1.3226E-03
  7.8120E+01  5.0000E-01     1.1781E-01  1.1779E-01  1.9489E-03
  7.8180E+01  5.0000E-01     1.1724E-01  1.1721E-01  2.5865E-03
  7.8240E+01  5.0000E-01     1.1653E-01  1.1649E-01  3.1834E-03
  7.8300E+01  5.0000E-01     1.1569E-01  1.1563E-01  3.7940E-03
  7.8360E+01  5.0000E-01     1.1468E-01  1.1459E-01  4.3576E-03
  7.8420E+01  5.0000E-01     1.1355E-01  1.1345E-01  4.9057E-03
  7.8480E+01  5.0000E-01     1.1227E-01  1.1214E-01  5.4472E-03
  7.8540E+01  5.0000E-01     1.1087E-01  1.1071E-01  5.9401E-03
  7.8600E+01  5.0000E-01     1.0937E-01  1.0918E-01  6.4278E-03
  7.8660E+01  5.0000E-01     1.0773E-01  1.0751E-01  6.8633E-03
  7.8720E+01  5.0000E-01     1.0600E-01  1.0575E-01  7.2738E-03
  7.8780E+01  5.0000E-01     1.0417E-01  1.0388E-01  7.6637E-03
  7.8840E+01  5.0000E-01     1.0224E-01  1.0193E-01  8.0048E-03
  7.8900E+01  5.0000E-01     1.0025E-01  9.9902E-02  8.3263E-03
  7.8960E+01  5.0000E-01     9.8170E-02  9.7792E-02  8.5995E-03
  7.9020E+01  5.0000E-01     9.6039E-02  9.5631E-02  8.8438E-03
  7.9080E+01  5.0000E-01     9.3846E-02  9.3408E-02  9.0592E-03
  7.9140E+01  5.0000E-01     9.1604E-02  9.1138E-02  9.2339E-03
  7.9200E+01  5.0000E-01     8.9330E-02  8.8836E-02  9.3812E-03
  7.9260E+01  5.0000E-01     8.7022E-02  8.6503E-02  9.4898E-03
  7.9320E+01  5.0000E-01     8.4694E-02  8.4152E-02  9.5714E-03
  7.9380E+01  5.0000E-01     8.2350E-02  8.1786E-02  9.6234E-03
  7.9440E+01  5.0000E-01     7.9994E-02  7.9410E-02  9.6465E-03
  7.9500E+01  5.0000E-01     7.7640E-02  7.7039E-02  9.6404E-03
  7.9560E+01  5.0000E-01     7.5293E-02  7.4677E-02  9.6099E-03
  7.9620E+01  5.0000E-01     7.2955E-02  7.2326E-02  9.5579E-03
  7.9680E+01  5.0000E-01     7.0636E-02  6.9997E-02  9.4795E-03
  7.9740E+01  5.0000E-01     6.8336E-02  6.7688E-02  9.3855E-03
  7.9800E+01  5.0000E-01     6.6062E-02  6.5409E-02  9.2657E-03
  7.9860E+01  5.0000E-01     6.3827E-02  6.3170E-02  9.1349E-03
  7.9920E+01  5.0000E-01     6.1620E-02  6.0960E-02  8.9898E-03
  7.9980E+01  5.0000E-01     5.9457E-02  5.8798E-02  8.8244E-03
  8.0040E+01  5.0000E-01     5.7332E-02  5.6674E-02  8.6551E-03
  8.0100E+01  5.0000E-01     5.5248E-02  5.4595E-02  8.4654E-03
  8.0160E+01  5.0000E-01     5.3221E-02  5.2573E-02  8.2754E-03
  8.0220E+01  5.0000E-01     5.1232E-02  5.0591E-02  8.0779E-03
  8.0280E+01  5.0000E-01     4.9301E-02  4.8669E-02  7.8668E-03
  8.0340E+01  5.0000E-01     4.7418E-02  4.6795E-02  7.6601E-03
  8.0400E+01  5.0000E-01     4.5584E-02  4.4973E-02  7.4389E-03
  8.0460E+01  5.0000E-01     4.3813E-02  4.3213E-02  7.2253E-03
  8.0520E+01  5.0000E-01     4.2086E-02  4.1498E-02  7.0090E-03
  8.0580E+01  5.0000E-01     4.0419E-02  3.9846E-02  6.7843E-03
  8.0640E+01  5.0000E-01     3.8804E-02  3.8244E-02  6.5699E-03
  8.0700E+01  5.0000E-01     3.7238E-02  3.6693E-02  6.3457E-03
  8.0760E+01  5.0000E-01     3.5735E-02  3.5205E-02  6.1331E-03
  8.0820E+01  5.0000E-01     3.4274E-02  3.3759E-02  5.9217E-03
  8.0880E+01  5.0000E-01     3.2873E-02  3.2374E-02  5.7060E-03
  8.0940E+01  5.0000E-01     3.1521E-02  3.1037E-02  5.5028E-03
  8.1000E+01  5.0000E-01     3.0214E-02  2.9746E-02  5.2939E-03
  8.1060E+01  5.0000E-01     2.8965E-02  2.8513E-02  5.0979E-03
  8.1120E+01  5.0000E-01     2.7755E-02  2.7318E-02  4.9050E-03
  8.1180E+01  5.0000E-01     2.6598E-02  2.6177E-02  4.7106E-03
  8.1240E+01  5.0000E-01     2.5485E-02  2.5080E-02  4.5292E-03
  8.1300E+01  5.0000E-01     2.4413E-02  2.4023E-02  4.3446E-03
  8.1360E+01  5.0000E-01     2.3391E-02  2.3015E-02  4.1729E-03
  8.1420E+01  5.0000E-01     2.2403E-02  2.2042E-02  4.0052E-03
  8.1480E+01  5.0000E-01     2.1461E-02  2.1115E-02  3.8374E-03
  8.1540E+01  5.0000E-01     2.0557E-02  2.0225E-02  3.6818E-03
  8.1600E+01  5.0000E-01     1.9687E-02  1.9369E-02  3.5248E-03
  8.1660E+01  5.0000E-01     1.8860E-02  1.8555E-02  3.3794E-03
  8.1720E+01  5.0000E-01     1.8062E-02  1.7769E-02  3.2383E-03
  8.1780E+01  5.0000E-01     1.7302E-02  1.7022E-02  3.0979E-03
  8.1840E+01  5.0000E-01     1.6574E-02  1.6306E-02  2.9683E-03
  8.1900E+01  5.0000E-01     1.5874E-02  1.5618E-02  2.8381E-03
  8.1960E+01  5.0000E-01     1.5209E-02  1.4964E-02  2.7180E-03
  8.2020E+01  5.0000E-01     1.4568E-02  1.4334E-02  2.6018E-03
  8.2080E+01  5.0000E-01     1.3958E-02  1.3735E-02  2.4868E-03
  8.2140E+01  5.0000E-01     1.3375E-02  1.3161E-02  2.3809E-03
  8.2200E+01  5.0000E-01     1.2814E-02  1.2610E-02  2.2749E-03
  8.2260E+01  5.0000E-01     1.2282E-02  1.2087E-02  2.1774E-03
  8.2320E+01  5.0000E-01     1.1769E-02  1.1583E-02  2.0833E-03
  8.2380E+01  5.0000E-01     1.1281E-02  1.1104E-02  1.9903E-03
  8.2440E+01  5.0000E-01     1.0814E-02  1.0645E-02  1.9049E-03
  8.2500E+01  5.0000E-01     1.0366E-02  1.0205E-02  1.8197E-03
  8.2560E+01  5.0000E-01     9.9406E-03  9.7868E-03  1.7415E-03
  8.2620E+01  5.0000E-01     9.5306E-03  9.3838E-03  1.6661E-03
  8.2680E+01  5.0000E-01     9.1409E-03  9.0012E-03  1.5917E-03
  8.2740E+01  5.0000E-01     8.7679E-03  8.6345E-03  1.5235E-03
  8.2800E+01  5.0000E-01     8.4096E-03  8.2827E-03  1.4555E-03
  8.2860E+01  5.0000E-01     8.0695E-03  7.9483E-03  1.3931E-03
  8.2920E+01  5.0000E-01     7.7416E-03  7.6260E-03  1.3331E-03
  8.2980E+01  5.0000E-01     7.4299E-03  7.3198E-03  1.2740E-03
  8.3040E+01  5.0000E-01     7.1315E-03  7.0264E-03  1.2198E-03
  8.3100E+01  5.0000E-01     6.8447E-03  6.7447E-03  1.1658E-03
  8.3160E+01  5.0000E-01     6.5723E-03  6.4768E-03  1.1163E-03
  8.3220E+01  5.0000E-01     6.3097E-03  6.2185E-03  1.0687E-03
  8.3280E+01  5.0000E-01     6.0597E-03  5.9730E-03  1.0218E-03
  8.3340E+01  5.0000E-01     5.8204E-03  5.7375E-03  9.7889E-04
  8.3400E+01  5.0000E-01     5.5903E-03  5.5113E-03  9.3614E-04
  8.3460E+01  5.0000E-01     5.3715E-03  5.2961E-03  8.9692E-04
  8.3520E+01  5.0000E-01     5.1605E-03  5.0885E-03  8.5922E-04
  8.3580E+01  5.0000E-01     4.9596E-03  4.8910E-03  8.2207E-04
  8.3640E+01  5.0000E-01     4.7670E-03  4.7014E-03  7.8807E-04
  8.3700E+01  5.0000E-01     4.5817E-03  4.5192E-03  7.5421E-04
  8.3760E+01  5.0000E-01     4.4054E-03  4.3457E-03  7.2312E-04
  8.3820E+01  5.0000E-01     4.2353E-03  4.1782E-03  6.9324E-04
  8.3880E+01  5.0000E-01     4.0731E-03  4.0186E-03  6.6376E-04
  8.3940E+01  5.0000E-01     3.9176E-03  3.8655E-03  6.3678E-04
  8.4000E+01  5.0000E-01     3.7678E-03  3.7181E-03  6.0990E-04
  8.4060E+01  5.0000E-01     3.6252E-03  3.5777E-03  5.8519E-04
  8.4120E+01  5.0000E-01     3.4875E-03  3.4420E-03  5.6146E-04
  8.4180E+01  5.0000E-01     3.3560E-03  3.3126E-03  5.3801E-04
  8.4240E+01  5.0000E-01     3.2299E-03  3.1883E-03  5.1654E-04
  8.4300E+01  5.0000E-01     3.1084E-03  3.0687E-03  4.9514E-04
  8.4360E+01  5.0000E-01     2.9926E-03  2.9546E-03  4.7546E-04
  8.4420E+01  5.0000E-01     2.8806E-03  2.8442E-03  4.5651E-04
  8.4480E+01  5.0000E-01     2.7737E-03  2.7389E-03  4.3780E-04
  8.4540E+01  5.0000E-01     2.6710E-03  2.6377E-03  4.2064E-04
  8.4600E+01  5.0000E-01     2.5720E-03  2.5402E-03  4.0349E-04
  8.4660E+01  5.0000E-01     2.4776E-03  2.4470E-03  3.8774E-04
  8.4720E+01  5.0000E-01     2.3862E-03  2.3570E-03  3.7256E-04
  8.4780E+01  5.0000E-01     2.2989E-03  2.2709E-03  3.5755E-04
  8.4840E+01  5.0000E-01     2.2150E-03  2.1882E-03  3.4377E-04
  8.4900E+01  5.0000E-01     2.1341E-03  2.1084E-03  3.2999E-04
  8.4960E+01  5.0000E-01     2.0568E-03  2.0322E-03  3.1730E-04
  8.5020E+01  5.0000E-01     1.9820E-03  1.9584E-03  3.0507E-04
  8.5080E+01  5.0000E-01     1.9105E-03  1.8879E-03  2.9295E-04
  8.5140E+01  5.0000E-01     1.8417E-03  1.8200E-03  2.8181E-04
  8.5200E+01  5.0000E-01     1.7753E-03  1.7545E-03  2.7067E-04
  8.5260E+01  5.0000E-01     1.7119E-03  1.6919E-03  2.6039E-04
  8.5320E+01  5.0000E-01     1.6505E-03  1.6313E-03  2.5047E-04
  8.5380E+01  5.0000E-01     1.5917E-03  1.5734E-03  2.4065E-04
  8.5440E+01  5.0000E-01     1.5352E-03  1.5176E-03  2.3160E-04
  8.5500E+01  5.0000E-01     1.4806E-03  1.4638E-03  2.2254E-04
  8.5560E+01  5.0000E-01     1.4284E-03  1.4123E-03  2.1417E-04
  8.5620E+01  5.0000E-01     1.3779E-03  1.3624E-03  2.0608E-04
  8.5680E+01  5.0000E-01     1.3295E-03  1.3147E-03  1.9805E-04
  8.5740E+01  5.0000E-01     1.2830E-03  1.2688E-03  1.9067E-04
  8.5800E+01  5.0000E-01     1.2380E-03  1.2244E-03  1.8326E-04
  8.5860E+01  5.0000E-01     1.1951E-03  1.1820E-03  1.7641E-04
  8.5920E+01  5.0000E-01     1.1534E-03  1.1409E-03  1.6979E-04
  8.5980E+01  5.0000E-01     1.1136E-03  1.1015E-03  1.6321E-04
  8.6040E+01  5.0000E-01     1.0752E-03  1.0637E-03  1.5714E-04
  8.6100E+01  5.0000E-01     1.0381E-03  1.0271E-03  1.5106E-04
  8.6160E+01  5.0000E-01     1.0027E-03  9.9211E-04  1.4543E-04
  8.6220E+01  5.0000E-01     9.6838E-04  9.5821E-04  1.3999E-04
  8.6280E+01  5.0000E-01     9.3552E-04  9.2579E-04  1.3457E-04
  8.6340E+01  5.0000E-01     9.0388E-04  8.9454E-04  1.2958E-04
  8.6400E+01  5.0000E-01     8.7331E-04  8.6438E-04  1.2457E-04
  8.6460E+01  5.0000E-01     8.4409E-04  8.3552E-04  1.1993E-04
  8.6520E+01  5.0000E-01     8.1578E-04  8.0757E-04  1.1544E-04
  8.6580E+01  5.0000E-01     7.8867E-04  7.8083E-04  1.1097E-04
  8.6640E+01  5.0000E-01     7.6258E-04  7.5506E-04  1.0686E-04
  8.6700E+01  5.0000E-01     7.3738E-04  7.3019E-04  1.0272E-04
  8.6760E+01  5.0000E-01     7.1328E-04  7.0639E-04  9.8894E-05
  8.6820E+01  5.0000E-01     6.8993E-04  6.8333E-04  9.5191E-05
  8.6880E+01  5.0000E-01     6.6758E-04  6.6128E-04  9.1502E-05
  8.6940E+01  5.0000E-01     6.4607E-04  6.4004E-04  8.8101E-05
  8.7000E+01  5.0000E-01     6.2529E-04  6.1953E-04  8.4689E-05
  8.7060E+01  5.0000E-01     6.0543E-04  5.9991E-04  8.1532E-05
  8.7120E+01  5.0000E-01     5.8618E-04  5.8091E-04  7.8477E-05
  8.7180E+01  5.0000E-01     5.6776E-04  5.6273E-04  7.5433E-05
  8.7240E+01  5.0000E-01     5.5003E-04  5.4522E-04  7.2630E-05
  8.7300E+01  5.0000E-01     5.3291E-04  5.2831E-04  6.9817E-05
  8.7360E+01  5.0000E-01     5.1653E-04  5.1214E-04  6.7211E-05
  8.7420E+01  5.0000E-01     5.0068E-04  4.9648E-04  6.4694E-05
  8.7480E+01  5.0000E-01     4.8550E-04  4.8150E-04  6.2187E-05
  8.7540E+01  5.0000E-01     4.7088E-04  4.6706E-04  5.9876E-05
  8.7600E+01  5.0000E-01     4.5677E-04  4.5312E-04  5.7560E-05
  8.7660E+01  5.0000E-01     4.4327E-04  4.3979E-04  5.5416E-05
  8.7720E+01  5.0000E-01     4.3020E-04  4.2688E-04  5.3345E-05
  8.7780E+01  5.0000E-01     4.1769E-04  4.1453E-04  5.1285E-05
  8.7840E+01  5.0000E-01     4.0564E-04  4.0262E-04  4.9388E-05
  8.7900E+01  5.0000E-01     3.9400E-04  3.9113E-04  4.7484E-05
  8.7960E+01  5.0000E-01     3.8287E-04  3.8013E-04  4.5723E-05
  8.8020E+01  5.0000E-01     3.7209E-04  3.6947E-04  4.4023E-05
  8.8080E+01  5.0000E-01     3.6176E-04  3.5928E-04  4.2332E-05
  8.8140E+01  5.0000E-01     3.5182E-04  3.4945E-04  4.0777E-05
  8.8200E+01  5.0000E-01     3.4221E-04  3.3996E-04  3.9217E-05
  8.8260E+01  5.0000E-01     3.3302E-04  3.3087E-04  3.7774E-05
  8.8320E+01  5.0000E-01     3.2412E-04  3.2207E-04  3.6382E-05
  8.8380E+01  5.0000E-01     3.1559E-04  3.1364E-04  3.4997E-05
  8.8440E+01  5.0000E-01     3.0737E-04  3.0552E-04  3.3723E-05
  8.8500E+01  5.0000E-01     2.9943E-04  2.9767E-04  3.2448E-05
  8.8560E+01  5.0000E-01     2.9183E-04  2.9015E-04  3.1268E-05
  8.8620E+01  5.0000E-01     2.8446E-04  2.8286E-04  3.0130E-05
  8.8680E+01  5.0000E-01     2.7740E-04  2.7588E-04  2.8998E-05
  8.8740E+01  5.0000E-01     2.7059E-04  2.6914E-04  2.7957E-05
  8.8800E+01  5.0000E-01     2.6401E-04  2.6263E-04  2.6914E-05
  8.8860E+01  5.0000E-01     2.5770E-04  2.5639E-04  2.5951E-05
  8.8920E+01  5.0000E-01     2.5159E-04  2.5034E-04  2.5022E-05
  8.8980E+01  5.0000E-01     2.4572E-04  2.4454E-04  2.4099E-05
  8.9040E+01  5.0000E-01     2.4007E-04  2.3894E-04  2.3249E-05
  8.9100E+01  5.0000E-01     2.3459E-04  2.3352E-04  2.2399E-05
  8.9160E+01  5.0000E-01     2.2935E-04  2.2832E-04  2.1612E-05
  8.9220E+01  5.0000E-01     2.2425E-04  2.2328E-04  2.0854E-05
  8.9280E+01  5.0000E-01     2.1937E-04  2.1844E-04  2.0100E-05
  8.9340E+01  5.0000E-01     2.1465E-04  2.1377E-04  1.9408E-05
  8.9400E+01  5.0000E-01     2.1008E-04  2.0924E-04  1.8714E-05
  8.9460E+01  5.0000E-01     2.0569E-04  2.0490E-04  1.8072E-05
  8.9520E+01  5.0000E-01     2.0144E-04  2.0068E-04  1.7454E-05
  8.9580E+01  5.0000E-01     1.9734E-04  1.9663E-04  1.6839E-05
  8.9640E+01  5.0000E-01     1.9339E-04  1.9271E-04  1.6274E-05
  8.9700E+01  5.0000E-01     1.8956E-04  1.8891E-04  1.5708E-05
  8.9760E+01  5.0000E-01     1.8588E-04  1.8526E-04  1.5184E-05
  8.9820E+01  5.0000E-01     1.8230E-04  1.8171E-04  1.4680E-05
  8.9880E+01  5.0000E-01     1.7886E-04  1.7830E-04  1.4178E-05
  8.9940E+01  5.0000E-01     1.7553E-04  1.7499E-04  1.3716E-05
  9.0000E+01  5.0000E-01     1.7230E-04  1.7179E-04  1.3254E-05
  6.0000E+01  1.0000E+00     8.0180E-05  8.0041E-05 -4.7138E-06
  6.0060E+01  1.0000E+00     8.0755E-05  8.0616E-05 -4.7422E-06
  6.0120E+01  1.0000E+00     8.1333E-05  8.1193E-05 -4.7692E-06
  6.0180E+01  1.0000E+00     8.1913E-05  8.1773E-05 -4.7948E-06
  6.0240E+01  1.0000E+00     8.2496E-05  8.2355E-05 -4.8187E-06
  6.0300E+01  1.0000E+00     8.3081E-05  8.2940E-05 -4.8416E-06
  6.0360E+01  1.0000E+00     8.3668E-05  8.3526E-05 -4.8631E-06
  6.0420E+01  1.0000E+00     8.4256E-05  8.4115E-05 -4.8838E-06
  6.0480E+01  1.0000E+00     8.4847E-05  8.4705E-05 -4.9038E-06
  6.0540E+01  1.0000E+00     8.5439E-05  8.5297E-05 -4.9227E-06
  6.0600E+01  1.0000E+00     8.6033E-05  8.5891E-05 -4.9414E-06
  6.0660E+01  1.0000E+00     8.6629E-05  8.6487E-05 -4.9594E-06
  6.0720E+01  1.0000E+00     8.7226E-05  8.7084E-05 -4.9771E-06
  6.0780E+01  1.0000E+00     8.7825E-05  8.7683E-05 -4.9948E-06
  6.0840E+01  1.0000E+00     8.8425E-05  8.8283E-05 -5.0122E-06
  6.0900E+01  1.0000E+00     8.9027E-05  8.8884E-05 -5.0301E-06
  6.0960E+01  1.0000E+00     8.9630E-05  8.9487E-05 -5.0481E-06
  6.1020E+01  1.0000E+00     9.0235E-05  9.0092E-05 -5.0665E-06
  6.1080E+01  1.0000E+00     9.0841E-05  9.0698E-05 -5.0856E-06
  6.1140E+01  1.0000E+00     9.1449E-05  9.1306E-05 -5.1051E-06
  6.1200E+01  1.0000E+00     9.2059E-05  9.1916E-05 -5.1259E-06
  6.1260E+01  1.0000E+00     9.2671E-05  9.2528E-05 -5.1474E-06
  6.1320E+01  1.0000E+00     9.3285E-05  9.3142E-05 -5.1703E-06
  6.1380E+01  1.0000E+00     9.3901E-05  9.3757E-05 -5.1946E-06
  6.1440E+01  1.0000E+00     9.4520E-05  9.4376E-05 -5.2200E-06
  6.1500E+01  1.0000E+00     9.5141E-05  9.4996E-05 -5.2476E-06
  6.1560E+01  1.0000E+00     9.5765E-05  9.5620E-05 -5.2766E-06
  6.1620E+01  1.0000E+00     9.6392E-05  9.6246E-05 -5.3077E-06
  6.1680E+01  1.0000E+00     9.7022E-05  9.6875E-05 -5.3411E-06
  6.1740E+01  1.0000E+00     9.7656E-05  9.7508E-05 -5.3762E-06
  6.1800E+01  1.0000E+00     9.8294E-05  9.8145E-05 -5.4148E-06
  6.1860E+01  1.0000E+00     9.8936E-05  9.8785E-05 -5.4553E-06
  6.1920E+01  1.0000E+00     9.9582E-05  9.9430E-05 -5.4987E-06
  6.1980E+01  1.0000E+00     1.0023E-04  1.0008E-04 -5.5456E-06
  6.2040E+01  1.0000E+00     1.0089E-04  1.0073E-04 -5.5945E-06
  6.2100E+01  1.0000E+00     1.0155E-04  1.0139E-04 -5.6485E-06
  6.2160E+01  1.0000E+00     1.0222E-04  1.0206E-04 -5.7050E-06
  6.2220E+01  1.0000E+00     1.0289E-04  1.0273E-04 -5.7651E-06
  6.2280E+01  1.0000E+00     1.0357E-04  1.0341E-04 -5.8299E-06
  6.2340E+01  1.0000E+00     1.0426E-04  1.0410E-04 -5.8970E-06
  6.2400E+01  1.0000E+00     1.0496E-04  1.0479E-04 -5.9709E-06
  6.2460E+01  1.0000E+00     1.0566E-04  1.0549E-04 -6.0478E-06
  6.2520E+01  1.0000E+00     1.0638E-04  1.0620E-04 -6.1297E-06
  6.2580E+01  1.0000E+00     1.0710E-04  1.0692E-04 -6.2173E-06
  6.2640E+01  1.0000E+00     1.0783E-04  1.0765E-04 -6.3077E-06
  6.2700E+01  1.0000E+00     1.0858E-04  1.0839E-04 -6.4068E-06
  6.2760E+01  1.0000E+00     1.0933E-04  1.0914E-04 -6.5092E-06
  6.2820E+01  1.0000E+00     1.1010E-04  1.0990E-04 -6.6178E-06
  6.2880E+01  1.0000E+00     1.1088E-04  1.1068E-04 -6.7337E-06
  6.2940E+01  1.0000E+00     1.1167E-04  1.1146E-04 -6.8529E-06
  6.3000E+01  1.0000E+00     1.1248E-04  1.1227E-04 -6.9828E-06
  6.3060E+01  1.0000E+00     1.1331E-04  1.1308E-04 -7.1167E-06
  6.3120E+01  1.0000E+00     1.1415E-04  1.1391E-04 -7.2580E-06
  6.3180E+01  1.0000E+00     1.1500E-04  1.1476E-04 -7.4082E-06
  6.3240E+01  1.0000E+00     1.1587E-04  1.1563E-04 -7.5619E-06
  6.3300E+01  1.0000E+00     1.1677E-04  1.1651E-04 -7.7291E-06
  6.3360E+01  1.0000E+00     1.1768E-04  1.1741E-04 -7.9009E-06
  6.3420E+01  1.0000E+00     1.1861E-04  1.1833E-04 -8.0816E-06
  6.3480E+01  1.0000E+00     1.1956E-04  1.1928E-04 -8.2734E-06
  6.3540E+01  1.0000E+00     1.2054E-04  1.2024E-04 -8.4688E-06
  6.3600E+01  1.0000E+00     1.2154E-04  1.2123E-04 -8.6808E-06
  6.3660E+01  1.0000E+00     1.2257E-04  1.2224E-04 -8.8977E-06
  6.3720E+01  1.0000E+00     1.2362E-04  1.2328E-04 -9.1257E-06
  6.3780E+01  1.0000E+00     1.2470E-04  1.2434E-04 -9.3670E-06
  6.3840E+01  1.0000E+00     1.2580E-04  1.2543E-04 -9.6121E-06
  6.3900E+01  1.0000E+00     1.2694E-04  1.2656E-04 -9.8775E-06
  6.3960E+01  1.0000E+00     1.2811E-04  1.2771E-04 -1.0148E-05
  6.4020E+01  1.0000E+00     1.2931E-04  1.2889E-04 -1.0432E-05
  6.4080E+01  1.0000E+00     1.3055E-04  1.3010E-04 -1.0732E-05
  6.4140E+01  1.0000E+00     1.3182E-04  1.3135E-04 -1.1037E-05
  6.4200E+01  1.0000E+00     1.3313E-04  1.3264E-04 -1.1365E-05
  6.4260E+01  1.0000E+00     1.3448E-04  1.3397E-04 -1.1701E-05
  6.4320E+01  1.0000E+00     1.3587E-04  1.3533E-04 -1.2052E-05
  6.4380E+01  1.0000E+00     1.3729E-04  1.3673E-04 -1.2421E-05
  6.4440E+01  1.0000E+00     1.3877E-04  1.3818E-04 -1.2796E-05
  6.4500E+01  1.0000E+00     1.4029E-04  1.3967E-04 -1.3200E-05
  6.4560E+01  1.0000E+00     1.4186E-04  1.4121E-04 -1.3612E-05
  6.4620E+01  1.0000E+00     1.4348E-04  1.4279E-04 -1.4042E-05
  6.4680E+01  1.0000E+00     1.4515E-04  1.4443E-04 -1.4495E-05
  6.4740E+01  1.0000E+00     1.4688E-04  1.4611E-04 -1.4952E-05
  6.4800E+01  1.0000E+00     1.4866E-04  1.4786E-04 -1.5446E-05
  6.4860E+01  1.0000E+00     1.5050E-04  1.4966E-04 -1.5949E-05
  6.4920E+01  1.0000E+00     1.5241E-04  1.5152E-04 -1.6473E-05
  6.4980E+01  1.0000E+00     1.5437E-04  1.5343E-04 -1.7024E-05
  6.5040E+01  1.0000E+00     1.5640E-04  1.5541E-04 -1.7582E-05
  6.5100E+01  1.0000E+00     1.5851E-04  1.5747E-04 -1.8181E-05
  6.5160E+01  1.0000E+00     1.6068E-04  1.5958E-04 -1.8791E-05
  6.5220E+01  1.0000E+00     1.6293E-04  1.6177E-04 -1.9427E-05
  6.5280E+01  1.0000E+00     1.6526E-04  1.6403E-04 -2.0096E-05
  6.5340E+01  1.0000E+00     1.6766E-04  1.6637E-04 -2.0771E-05
  6.5400E+01  1.0000E+00     1.7016E-04  1.6880E-04 -2.1498E-05
  6.5460E+01  1.0000E+00     1.7274E-04  1.7130E-04 -2.2236E-05
  6.5520E+01  1.0000E+00     1.7541E-04  1.7389E-04 -2.3005E-05
  6.5580E+01  1.0000E+00     1.7816E-04  1.7657E-04 -2.3813E-05
  6.5640E+01  1.0000E+00     1.8102E-04  1.7934E-04 -2.4628E-05
  6.5700E+01  1.0000E+00     1.8399E-04  1.8221E-04 -2.5505E-05
  6.5760E+01  1.0000E+00     1.8705E-04  1.8518E-04 -2.6396E-05
  6.5820E+01  1.0000E+00     1.9023E-04  1.8826E-04 -2.7324E-05
  6.5880E+01  1.0000E+00     1.9352E-04  1.9144E-04 -2.8298E-05
  6.5940E+01  1.0000E+00     1.9692E-04  1.9473E-04 -2.9281E-05
  6.6000E+01  1.0000E+00     2.0046E-04  1.9815E-04 -3.0338E-05
  6.6060E+01  1.0000E+00     2.0411E-04  2.0168E-04 -3.1410E-05
  6.6120E+01  1.0000E+00     2.0791E-04  2.0535E-04 -3.2526E-05
  6.6180E+01  1.0000E+00     2.1183E-04  2.0913E-04 -3.3699E-05
  6.6240E+01  1.0000E+00     2.1589E-04  2.1305E-04 -3.4881E-05
  6.6300E+01  1.0000E+00     2.2011E-04  2.1712E-04 -3.6151E-05
  6.6360E+01  1.0000E+00     2.2448E-04  2.2133E-04 -3.7441E-05
  6.6420E+01  1.0000E+00     2.2901E-04  2.2570E-04 -3.8784E-05
  6.6480E+01  1.0000E+00     2.3369E-04  2.3021E-04 -4.0193E-05
  6.6540E+01  1.0000E+00     2.3855E-04  2.3489E-04 -4.1613E-05
  6.6600E+01  1.0000E+00     2.4360E-04  2.3975E-04 -4.3141E-05
  6.6660E+01  1.0000E+00     2.4882E-04  2.4477E-04 -4.4690E-05
  6.6720E+01  1.0000E+00     2.5424E-04  2.4999E-04 -4.6303E-05
  6.6780E+01  1.0000E+00     2.5984E-04  2.5537E-04 -4.7992E-05
  6.6840E+01  1.0000E+00     2.6565E-04  2.6096E-04 -4.9698E-05
  6.6900E+01  1.0000E+00     2.7169E-04  2.6676E-04 -5.1531E-05
  6.6960E+01  1.0000E+00     2.7794E-04  2.7276E-04 -5.3392E-05
  6.7020E+01  1.0000E+00     2.8442E-04  2.7899E-04 -5.5328E-05
  6.7080E+01  1.0000E+00     2.9113E-04  2.8542E-04 -5.7358E-05
  6.7140E+01  1.0000E+00     2.9808E-04  2.9210E-04 -5.9407E-05
  6.7200E+01  1.0000E+00     3.0531E-04  2.9903E-04 -6.1608E-05
  6.7260E+01  1.0000E+00     3.1279E-04  3.0620E-04 -6.3839E-05
  6.7320E+01  1.0000E+00     3.2055E-04  3.1365E-04 -6.6159E-05
  6.7380E+01  1.0000E+00     3.2858E-04  3.2134E-04 -6.8595E-05
  6.7440E+01  1.0000E+00     3.3690E-04  3.2932E-04 -7.1055E-05
  6.7500E+01  1.0000E+00     3.4557E-04  3.3762E-04 -7.3699E-05
  6.7560E+01  1.0000E+00     3.5452E-04  3.4619E-04 -7.6380E-05
  6.7620E+01  1.0000E+00     3.6382E-04  3.5510E-04 -7.9167E-05
  6.7680E+01  1.0000E+00     3.7344E-04  3.6430E-04 -8.2094E-05
  6.7740E+01  1.0000E+00     3.8340E-04  3.7385E-04 -8.5045E-05
  6.7800E+01  1.0000E+00     3.9378E-04  3.8377E-04 -8.8214E-05
  6.7860E+01  1.0000E+00     4.0451E-04  3.9404E-04 -9.1432E-05
  6.7920E+01  1.0000E+00     4.1564E-04  4.0469E-04 -9.4780E-05
  6.7980E+01  1.0000E+00     4.2717E-04  4.1571E-04 -9.8295E-05
  6.8040E+01  1.0000E+00     4.3911E-04  4.2714E-04 -1.0184E-04
  6.8100E+01  1.0000E+00     4.5155E-04  4.3902E-04 -1.0565E-04
  6.8160E+01  1.0000E+00     4.6440E-04  4.5131E-04 -1.0952E-04
  6.8220E+01  1.0000E+00     4.7775E-04  4.6406E-04 -1.1355E-04
  6.8280E+01  1.0000E+00     4.9157E-04  4.7726E-04 -1.1777E-04
  6.8340E+01  1.0000E+00     5.0589E-04  4.9095E-04 -1.2204E-04
  6.8400E+01  1.0000E+00     5.2081E-04  5.0518E-04 -1.2662E-04
  6.8460E+01  1.0000E+00     5.3621E-04  5.1990E-04 -1.3128E-04
  6.8520E+01  1.0000E+00     5.5222E-04  5.3518E-04 -1.3612E-04
  6.8580E+01  1.0000E+00     5.6879E-04  5.5099E-04 -1.4121E-04
  6.8640E+01  1.0000E+00     5.8596E-04  5.6739E-04 -1.4634E-04
  6.8700E+01  1.0000E+00     6.0385E-04  5.8444E-04 -1.5187E-04
  6.8760E+01  1.0000E+00     6.2233E-04  6.0208E-04 -1.5748E-04
  6.8820E+01  1.0000E+00     6.4154E-04  6.2040E-04 -1.6332E-04
  6.8880E+01  1.0000E+00     6.6142E-04  6.3935E-04 -1.6945E-04
  6.8940E+01  1.0000E+00     6.8203E-04  6.5902E-04 -1.7565E-04
  6.9000E+01  1.0000E+00     7.0351E-04  6.7947E-04 -1.8231E-04
  6.9060E+01  1.0000E+00     7.2569E-04  7.0063E-04 -1.8908E-04
  6.9120E+01  1.0000E+00     7.4875E-04  7.2261E-04 -1.9613E-04
  6.9180E+01  1.0000E+00     7.7263E-04  7.4534E-04 -2.0354E-04
  6.9240E+01  1.0000E+00     7.9738E-04  7.6895E-04 -2.1104E-04
  6.9300E+01  1.0000E+00     8.2319E-04  7.9350E-04 -2.1910E-04
  6.9360E+01  1.0000E+00     8.4986E-04  8.1890E-04 -2.2729E-04
  6.9420E+01  1.0000E+00     8.7757E-04  8.4529E-04 -2.3583E-04
  6.9480E+01  1.0000E+00     9.0628E-04  8.7259E-04 -2.4481E-04
  6.9540E+01  1.0000E+00     9.3604E-04  9.0095E-04 -2.5389E-04
  6.9600E+01  1.0000E+00     9.6708E-04  9.3045E-04 -2.6366E-04
  6.9660E+01  1.0000E+00     9.9917E-04  9.6098E-04 -2.7361E-04
  6.9720E+01  1.0000E+00     1.0325E-03  9.9272E-04 -2.8398E-04
  6.9780E+01  1.0000E+00     1.0671E-03  1.0256E-03 -2.9489E-04
  6.9840E+01  1.0000E+00     1.1029E-03  1.0597E-03 -3.0594E-04
  6.9900E+01  1.0000E+00     1.1403E-03  1.0952E-03 -3.1783E-04
  6.9960E+01  1.0000E+00     1.1790E-03  1.1319E-03 -3.2994E-04
  7.0020E+01  1.0000E+00     1.2192E-03  1.1701E-03 -3.4257E-04
  7.0080E+01  1.0000E+00     1.2609E-03  1.2097E-03 -3.5588E-04
  7.0140E+01  1.0000E+00     1.3042E-03  1.2508E-03 -3.6936E-04
  7.0200E+01  1.0000E+00     1.3493E-03  1.2935E-03 -3.8387E-04
  7.0260E+01  1.0000E+00     1.3960E-03  1.3379E-03 -3.9868E-04
  7.0320E+01  1.0000E+00     1.4446E-03  1.3839E-03 -4.1414E-04
  7.0380E+01  1.0000E+00     1.4950E-03  1.4317E-03 -4.3045E-04
  7.0440E+01  1.0000E+00     1.5473E-03  1.4813E-03 -4.4698E-04
  7.0500E+01  1.0000E+00     1.6019E-03  1.5330E-03 -4.6477E-04
  7.0560E+01  1.0000E+00     1.6584E-03  1.5865E-03 -4.8296E-04
  7.0620E+01  1.0000E+00     1.7172E-03  1.6422E-03 -5.0194E-04
  7.0680E+01  1.0000E+00     1.7783E-03  1.6999E-03 -5.2197E-04
  7.0740E+01  1.0000E+00     1.8417E-03  1.7600E-03 -5.4232E-04
  7.0800E+01  1.0000E+00     1.9079E-03  1.8226E-03 -5.6427E-04
  7.0860E+01  1.0000E+00     1.9765E-03  1.8874E-03 -5.8671E-04
  7.0920E+01  1.0000E+00     2.0480E-03  1.9550E-03 -6.1016E-04
  7.0980E+01  1.0000E+00     2.1222E-03  2.0250E-03 -6.3492E-04
  7.1040E+01  1.0000E+00     2.1992E-03  2.0979E-03 -6.6009E-04
  7.1100E+01  1.0000E+00     2.2799E-03  2.1738E-03 -6.8725E-04
  7.1160E+01  1.0000E+00     2.3634E-03  2.2526E-03 -7.1508E-04
  7.1220E+01  1.0000E+00     2.4505E-03  2.3348E-03 -7.4419E-04
  7.1280E+01  1.0000E+00     2.5410E-03  2.4199E-03 -7.7495E-04
  7.1340E+01  1.0000E+00     2.6351E-03  2.5087E-03 -8.0626E-04
  7.1400E+01  1.0000E+00     2.7335E-03  2.6013E-03 -8.4004E-04
  7.1460E+01  1.0000E+00     2.8356E-03  2.6974E-03 -8.7469E-04
  7.1520E+01  1.0000E+00     2.9422E-03  2.7976E-03 -9.1099E-04
  7.1580E+01  1.0000E+00     3.0530E-03  2.9016E-03 -9.4940E-04
  7.1640E+01  1.0000E+00     3.1682E-03  3.0101E-03 -9.8854E-04
  7.1700E+01  1.0000E+00     3.2890E-03  3.1233E-03 -1.0308E-03
  7.1760E+01  1.0000E+00     3.4143E-03  3.2410E-03 -1.0742E-03
  7.1820E+01  1.0000E+00     3.5452E-03  3.3638E-03 -1.1196E-03
  7.1880E+01  1.0000E+00     3.6814E-03  3.4913E-03 -1.1678E-03
  7.1940E+01  1.0000E+00     3.8233E-03  3.6244E-03 -1.2169E-03
  7.2000E+01  1.0000E+00     3.9720E-03  3.7635E-03 -1.2700E-03
  7.2060E+01  1.0000E+00     4.1265E-03  3.9082E-03 -1.3245E-03
  7.2120E+01  1.0000E+00     4.2880E-03  4.0593E-03 -1.3817E-03
  7.2180E+01  1.0000E+00     4.4563E-03  4.2164E-03 -1.4424E-03
  7.2240E+01  1.0000E+00     4.6316E-03  4.3805E-03 -1.5042E-03
  7.2300E+01  1.0000E+00     4.8156E-03  4.5521E-03 -1.5711E-03
  7.2360E+01  1.0000E+00     5.0069E-03  4.7307E-03 -1.6399E-03
  7.2420E+01  1.0000E+00     5.2070E-03  4.9175E-03 -1.7120E-03
  7.2480E+01  1.0000E+00     5.4157E-03  5.1118E-03 -1.7885E-03
  7.2540E+01  1.0000E+00     5.6333E-03  5.3150E-03 -1.8666E-03
  7.2600E+01  1.0000E+00     5.8620E-03  5.5278E-03 -1.9512E-03
  7.2660E+01  1.0000E+00     6.0999E-03  5.7493E-03 -2.0381E-03
  7.2720E+01  1.0000E+00     6.3489E-03  5.9812E-03 -2.1292E-03
  7.2780E+01  1.0000E+00     6.6088E-03  6.2227E-03 -2.2259E-03
  7.2840E+01  1.0000E+00     6.8800E-03  6.4754E-03 -2.3247E-03
  7.2900E+01  1.0000E+00     7.1654E-03  6.7402E-03 -2.4315E-03
  7.2960E+01  1.0000E+00     7.4623E-03  7.0163E-03 -2.5413E-03
  7.3020E+01  1.0000E+00     7.7734E-03  7.3054E-03 -2.6565E-03
  7.3080E+01  1.0000E+00     8.0983E-03  7.6067E-03 -2.7788E-03
  7.3140E+01  1.0000E+00     8.4375E-03  7.9222E-03 -2.9035E-03
  7.3200E+01  1.0000E+00     8.7947E-03  8.2532E-03 -3.0384E-03
  7.3260E+01  1.0000E+00     9.1665E-03  8.5984E-03 -3.1770E-03
  7.3320E+01  1.0000E+00     9.5563E-03  8.9602E-03 -3.3223E-03
  7.3380E+01  1.0000E+00     9.9636E-03  9.3375E-03 -3.4764E-03
  7.3440E+01  1.0000E+00     1.0389E-02  9.7329E-03 -3.6335E-03
  7.3500E+01  1.0000E+00     1.0837E-02  1.0148E-02 -3.8034E-03
  7.3560E+01  1.0000E+00     1.1304E-02  1.0581E-02 -3.9778E-03
  7.3620E+01  1.0000E+00     1.1793E-02  1.1035E-02 -4.1602E-03
  7.3680E+01  1.0000E+00     1.2305E-02  1.1509E-02 -4.3535E-03
  7.3740E+01  1.0000E+00     1.2839E-02  1.2005E-02 -4.5501E-03
  7.3800E+01  1.0000E+00     1.3402E-02  1.2527E-02 -4.7626E-03
  7.3860E+01  1.0000E+00     1.3988E-02  1.3071E-02 -4.9805E-03
  7.3920E+01  1.0000E+00     1.4603E-02  1.3642E-02 -5.2080E-03
  7.3980E+01  1.0000E+00     1.5245E-02  1.4238E-02 -5.4489E-03
  7.4040E+01  1.0000E+00     1.5916E-02  1.4863E-02 -5.6929E-03
  7.4100E+01  1.0000E+00     1.6623E-02  1.5519E-02 -5.9562E-03
  7.4160E+01  1.0000E+00     1.7358E-02  1.6204E-02 -6.2251E-03
  7.4220E+01  1.0000E+00     1.8129E-02  1.6922E-02 -6.5053E-03
  7.4280E+01  1.0000E+00     1.8935E-02  1.7672E-02 -6.8014E-03
  7.4340E+01  1.0000E+00     1.9776E-02  1.8457E-02 -7.1002E-03
  7.4400E+01  1.0000E+00     2.0661E-02  1.9282E-02 -7.4219E-03
  7.4460E+01  1.0000E+00     2.1582E-02  2.0143E-02 -7.7488E-03
  7.4520E+01  1.0000E+00     2.2546E-02  2.1045E-02 -8.0881E-03
  7.4580E+01  1.0000E+00     2.3553E-02  2.1987E-02 -8.4452E-03
  7.4640E+01  1.0000E+00     2.4602E-02  2.2973E-02 -8.8031E-03
  7.4700E+01  1.0000E+00     2.5704E-02  2.4007E-02 -9.1870E-03
  7.4760E+01  1.0000E+00     2.6850E-02  2.5084E-02 -9.5744E-03
  7.4820E+01  1.0000E+00     2.8047E-02  2.6213E-02 -9.9744E-03
  7.4880E+01  1.0000E+00     2.9295E-02  2.7389E-02 -1.0393E-02
  7.4940E+01  1.0000E+00     3.0593E-02  2.8619E-02 -1.0809E-02
  7.5000E+01  1.0000E+00     3.1954E-02  2.9907E-02 -1.1253E-02
  7.5060E+01  1.0000E+00     3.3365E-02  3.1248E-02 -1.1696E-02
  7.5120E+01  1.0000E+00     3.4836E-02  3.2649E-02 -1.2149E-02
  7.5180E+01  1.0000E+00     3.6365E-02  3.4104E-02 -1.2620E-02
  7.5240E+01  1.0000E+00     3.7950E-02  3.5624E-02 -1.3081E-02
  7.5300E+01  1.0000E+00     3.9607E-02  3.7210E-02 -1.3569E-02
  7.5360E+01  1.0000E+00     4.1318E-02  3.8857E-02 -1.4048E-02
  7.5420E+01  1.0000E+00     4.3096E-02  4.0571E-02 -1.4533E-02
  7.5480E+01  1.0000E+00     4.4935E-02  4.2347E-02 -1.5029E-02
  7.5540E+01  1.0000E+00     4.6835E-02  4.4194E-02 -1.5505E-02
  7.5600E+01  1.0000E+00     4.8810E-02  4.6113E-02 -1.6000E-02
  7.5660E+01  1.0000E+00     5.0840E-02  4.8096E-02 -1.6476E-02
  7.5720E+01  1.0000E+00     5.2936E-02  5.0151E-02 -1.6947E-02
  7.5780E+01  1.0000E+00     5.5094E-02  5.2269E-02 -1.7417E-02
  7.5840E+01  1.0000E+00     5.7309E-02  5.4457E-02 -1.7853E-02
  7.5900E+01  1.0000E+00     5.9594E-02  5.6717E-02 -1.8293E-02
  7.5960E+01  1.0000E+00     6.1928E-02  5.9037E-02 -1.8698E-02
  7.6020E+01  1.0000E+00     6.4319E-02  6.1423E-02 -1.9082E-02
  7.6080E+01  1.0000E+00     6.6761E-02  6.3866E-02 -1.9447E-02
  7.6140E+01  1.0000E+00     6.9247E-02  6.6368E-02 -1.9761E-02
  7.6200E+01  1.0000E+00     7.1785E-02  6.8927E-02 -2.0056E-02
  7.6260E+01  1.0000E+00     7.4354E-02  7.1531E-02 -2.0295E-02
  7.6320E+01  1.0000E+00     7.6958E-02  7.4180E-02 -2.0493E-02
  7.6380E+01  1.0000E+00     7.9590E-02  7.6865E-02 -2.0647E-02
  7.6440E+01  1.0000E+00     8.2238E-02  7.9582E-02 -2.0734E-02
  7.6500E+01  1.0000E+00     8.4904E-02  8.2324E-02 -2.0771E-02
  7.6560E+01  1.0000E+00     8.7569E-02  8.5079E-02 -2.0736E-02
  7.6620E+01  1.0000E+00     9.0232E-02  8.7840E-02 -2.0640E-02
  7.6680E+01  1.0000E+00     9.2883E-02  9.0599E-02 -2.0472E-02
  7.6740E+01  1.0000E+00     9.5511E-02  9.3344E-02 -2.0230E-02
  7.6800E+01  1.0000E+00     9.8102E-02  9.6062E-02 -1.9903E-02
  7.6860E+01  1.0000E+00     1.0065E-01  9.8745E-02 -1.9498E-02
  7.6920E+01  1.0000E+00     1.0314E-01  1.0138E-01 -1.9017E-02
  7.6980E+01  1.0000E+00     1.0558E-01  1.0395E-01 -1.8443E-02
  7.7040E+01  1.0000E+00     1.0793E-01  1.0645E-01 -1.7806E-02
  7.7100E+01  1.0000E+00     1.1019E-01  1.0886E-01 -1.7057E-02
  7.7160E+01  1.0000E+00     1.1236E-01  1.1118E-01 -1.6241E-02
  7.7220E+01  1.0000E+00     1.1441E-01  1.1337E-01 -1.5349E-02
  7.7280E+01  1.0000E+00     1.1635E-01  1.1546E-01 -1.4358E-02
  7.7340E+01  1.0000E+00     1.1815E-01  1.1740E-01 -1.3333E-02
  7.7400E+01  1.0000E+00     1.1981E-01  1.1918E-01 -1.2188E-02
  7.7460E+01  1.0000E+00     1.2132E-01  1.2082E-01 -1.1006E-02
  7.7520E+01  1.0000E+00     1.2267E-01  1.2228E-01 -9.7655E-03
  7.7580E+01  1.0000E+00     1.2386E-01  1.2358E-01 -8.4412E-03
  7.7640E+01  1.0000E+00     1.2488E-01  1.2468E-01 -7.1260E-03
  7.7700E+01  1.0000E+00     1.2571E-01  1.2558E-01 -5.7056E-03
  7.7760E+01  1.0000E+00     1.2636E-01  1.2629E-01 -4.2932E-03
  7.7820E+01  1.0000E+00     1.2683E-01  1.2679E-01 -2.8528E-03
  7.7880E+01  1.0000E+00     1.2711E-01  1.2710E-01 -1.3636E-03
  7.7940E+01  1.0000E+00     1.2720E-01  1.2720E-01  7.0451E-05
  7.8000E+01  1.0000E+00     1.2708E-01  1.2707E-01  1.5735E-03
  7.8060E+01  1.0000E+00     1.2678E-01  1.2675E-01  3.0227E-03
  7.8120E+01  1.0000E+00     1.2629E-01  1.2621E-01  4.4623E-03
  7.8180E+01  1.0000E+00     1.2562E-01  1.2548E-01  5.9060E-03
  7.8240E+01  1.0000E+00     1.2477E-01  1.2455E-01  7.2571E-03
  7.8300E+01  1.0000E+00     1.2372E-01  1.2342E-01  8.6290E-03
  7.8360E+01  1.0000E+00     1.2251E-01  1.2211E-01  9.9117E-03
  7.8420E+01  1.0000E+00     1.2114E-01  1.2062E-01  1.1150E-02
  7.8480E+01  1.0000E+00     1.1962E-01  1.1898E-01  1.2350E-02
  7.8540E+01  1.0000E+00     1.1794E-01  1.1717E-01  1.3438E-02
  7.8600E+01  1.0000E+00     1.1611E-01  1.1520E-01  1.4499E-02
  7.8660E+01  1.0000E+00     1.1416E-01  1.1311E-01  1.5455E-02
  7.8720E+01  1.0000E+00     1.1209E-01  1.1090E-01  1.6343E-02
  7.8780E+01  1.0000E+00     1.0992E-01  1.0857E-01  1.7163E-02
  7.8840E+01  1.0000E+00     1.0765E-01  1.0615E-01  1.7875E-02
  7.8900E+01  1.0000E+00     1.0528E-01  1.0364E-01  1.8525E-02
  7.8960E+01  1.0000E+00     1.0285E-01  1.0106E-01  1.9076E-02
  7.9020E+01  1.0000E+00     1.0034E-01  9.8420E-02  1.9554E-02
  7.9080E+01  1.0000E+00     9.7791E-02  9.5734E-02  1.9952E-02
  7.9140E+01  1.0000E+00     9.5193E-02  9.3011E-02  2.0264E-02
  7.9200E+01  1.0000E+00     9.2562E-02  9.0263E-02  2.0499E-02
  7.9260E+01  1.0000E+00     8.9911E-02  8.7506E-02  2.0659E-02
  7.9320E+01  1.0000E+00     8.7248E-02  8.4744E-02  2.0753E-02
  7.9380E+01  1.0000E+00     8.4580E-02  8.1988E-02  2.0775E-02
  7.9440E+01  1.0000E+00     8.1918E-02  7.9249E-02  2.0742E-02
  7.9500E+01  1.0000E+00     7.9268E-02  7.6535E-02  2.0636E-02
  7.9560E+01  1.0000E+00     7.6640E-02  7.3852E-02  2.0484E-02
  7.9620E+01  1.0000E+00     7.4040E-02  7.1208E-02  2.0284E-02
  7.9680E+01  1.0000E+00     7.1468E-02  6.8604E-02  2.0030E-02
  7.9740E+01  1.0000E+00     6.8942E-02  6.6052E-02  1.9752E-02
  7.9800E+01  1.0000E+00     6.6456E-02  6.3556E-02  1.9415E-02
  7.9860E+01  1.0000E+00     6.4018E-02  6.1115E-02  1.9058E-02
  7.9920E+01  1.0000E+00     6.1634E-02  5.8737E-02  1.8673E-02
  7.9980E+01  1.0000E+00     5.9297E-02  5.6417E-02  1.8254E-02
  8.0040E+01  1.0000E+00     5.7026E-02  5.4165E-02  1.7835E-02
  8.0100E+01  1.0000E+00     5.4811E-02  5.1984E-02  1.7375E-02
  8.0160E+01  1.0000E+00     5.2658E-02  4.9867E-02  1.6917E-02
  8.0220E+01  1.0000E+00     5.0569E-02  4.7820E-02  1.6446E-02
  8.0280E+01  1.0000E+00     4.8535E-02  4.5837E-02  1.5957E-02
  8.0340E+01  1.0000E+00     4.6574E-02  4.3925E-02  1.5483E-02
  8.0400E+01  1.0000E+00     4.4675E-02  4.2087E-02  1.4985E-02
  8.0460E+01  1.0000E+00     4.2840E-02  4.0311E-02  1.4501E-02
  8.0520E+01  1.0000E+00     4.1070E-02  3.8604E-02  1.4016E-02
  8.0580E+01  1.0000E+00     3.9355E-02  3.6958E-02  1.3525E-02
  8.0640E+01  1.0000E+00     3.7712E-02  3.5379E-02  1.3058E-02
  8.0700E+01  1.0000E+00     3.6126E-02  3.3866E-02  1.2578E-02
  8.0760E+01  1.0000E+00     3.4602E-02  3.2410E-02  1.2118E-02
  8.0820E+01  1.0000E+00     3.3137E-02  3.1017E-02  1.1663E-02
  8.0880E+01  1.0000E+00     3.1724E-02  2.9677E-02  1.1211E-02
  8.0940E+01  1.0000E+00     3.0375E-02  2.8396E-02  1.0785E-02
  8.1000E+01  1.0000E+00     2.9078E-02  2.7172E-02  1.0353E-02
  8.1060E+01  1.0000E+00     2.7833E-02  2.5997E-02  9.9430E-03
  8.1120E+01  1.0000E+00     2.6642E-02  2.4874E-02  9.5427E-03
  8.1180E+01  1.0000E+00     2.5495E-02  2.3798E-02  9.1479E-03
  8.1240E+01  1.0000E+00     2.4403E-02  2.2770E-02  8.7776E-03
  8.1300E+01  1.0000E+00     2.3355E-02  2.1790E-02  8.4069E-03
  8.1360E+01  1.0000E+00     2.2352E-02  2.0850E-02  8.0570E-03
  8.1420E+01  1.0000E+00     2.1394E-02  1.9953E-02  7.7176E-03
  8.1480E+01  1.0000E+00     2.0473E-02  1.9094E-02  7.3852E-03
  8.1540E+01  1.0000E+00     1.9596E-02  1.8275E-02  7.0746E-03
  8.1600E+01  1.0000E+00     1.8757E-02  1.7494E-02  6.7662E-03
  8.1660E+01  1.0000E+00     1.7955E-02  1.6746E-02  6.4758E-03
  8.1720E+01  1.0000E+00     1.7189E-02  1.6033E-02  6.1955E-03
  8.1780E+01  1.0000E+00     1.6453E-02  1.5350E-02  5.9224E-03
  8.1840E+01  1.0000E+00     1.5754E-02  1.4699E-02  5.6680E-03
  8.1900E+01  1.0000E+00     1.5085E-02  1.4079E-02  5.4168E-03
  8.1960E+01  1.0000E+00     1.4446E-02  1.3485E-02  5.1807E-03
  8.2020E+01  1.0000E+00     1.3836E-02  1.2919E-02  4.9533E-03
  8.2080E+01  1.0000E+00     1.3250E-02  1.2376E-02  4.7323E-03
  8.2140E+01  1.0000E+00     1.2694E-02  1.1859E-02  4.5270E-03
  8.2200E+01  1.0000E+00     1.2162E-02  1.1366E-02  4.3250E-03
  8.2260E+01  1.0000E+00     1.1653E-02  1.0894E-02  4.1354E-03
  8.2320E+01  1.0000E+00     1.1167E-02  1.0444E-02  3.9532E-03
  8.2380E+01  1.0000E+00     1.0702E-02  1.0013E-02  3.7767E-03
  8.2440E+01  1.0000E+00     1.0259E-02  9.6019E-03  3.6128E-03
  8.2500E+01  1.0000E+00     9.8357E-03  9.2100E-03  3.4519E-03
  8.2560E+01  1.0000E+00     9.4308E-03  8.8342E-03  3.3009E-03
  8.2620E+01  1.0000E+00     9.0444E-03  8.4759E-03  3.1560E-03
  8.2680E+01  1.0000E+00     8.6735E-03  8.1324E-03  3.0157E-03
  8.2740E+01  1.0000E+00     8.3209E-03  7.8045E-03  2.8855E-03
  8.2800E+01  1.0000E+00     7.9834E-03  7.4919E-03  2.7579E-03
  8.2860E+01  1.0000E+00     7.6606E-03  7.1919E-03  2.6383E-03
  8.2920E+01  1.0000E+00     7.3523E-03  6.9056E-03  2.5237E-03
  8.2980E+01  1.0000E+00     7.0563E-03  6.6310E-03  2.4128E-03
  8.3040E+01  1.0000E+00     6.7747E-03  6.3687E-03  2.3098E-03
  8.3100E+01  1.0000E+00     6.5049E-03  6.1184E-03  2.2088E-03
  8.3160E+01  1.0000E+00     6.2466E-03  5.8780E-03  2.1143E-03
  8.3220E+01  1.0000E+00     5.9999E-03  5.6483E-03  2.0236E-03
  8.3280E+01  1.0000E+00     5.7628E-03  5.4279E-03  1.9359E-03
  8.3340E+01  1.0000E+00     5.5370E-03  5.2172E-03  1.8546E-03
  8.3400E+01  1.0000E+00     5.3206E-03  5.0158E-03  1.7749E-03
  8.3460E+01  1.0000E+00     5.1132E-03  4.8223E-03  1.7001E-03
  8.3520E+01  1.0000E+00     4.9149E-03  4.6373E-03  1.6285E-03
  8.3580E+01  1.0000E+00     4.7242E-03  4.4595E-03  1.5591E-03
  8.3640E+01  1.0000E+00     4.5424E-03  4.2894E-03  1.4948E-03
  8.3700E+01  1.0000E+00     4.3681E-03  4.1268E-03  1.4317E-03
  8.3760E+01  1.0000E+00     4.2008E-03  3.9703E-03  1.3725E-03
  8.3820E+01  1.0000E+00     4.0407E-03  3.8205E-03  1.3158E-03
  8.3880E+01  1.0000E+00     3.8867E-03  3.6765E-03  1.2608E-03
  8.3940E+01  1.0000E+00     3.7397E-03  3.5386E-03  1.2097E-03
  8.4000E+01  1.0000E+00     3.5985E-03  3.4066E-03  1.1596E-03
  8.4060E+01  1.0000E+00     3.4630E-03  3.2794E-03  1.1126E-03
  8.4120E+01  1.0000E+00     3.3332E-03  3.1576E-03  1.0675E-03
  8.4180E+01  1.0000E+00     3.2081E-03  3.0404E-03  1.0238E-03
  8.4240E+01  1.0000E+00     3.0887E-03  2.9280E-03  9.8317E-04
  8.4300E+01  1.0000E+00     2.9739E-03  2.8203E-03  9.4325E-04
  8.4360E+01  1.0000E+00     2.8636E-03  2.7166E-03  9.0572E-04
  8.4420E+01  1.0000E+00     2.7579E-03  2.6171E-03  8.6970E-04
  8.4480E+01  1.0000E+00     2.6559E-03  2.5213E-03  8.3475E-04
  8.4540E+01  1.0000E+00     2.5584E-03  2.4294E-03  8.0222E-04
  8.4600E+01  1.0000E+00     2.4647E-03  2.3412E-03  7.7025E-04
  8.4660E+01  1.0000E+00     2.3745E-03  2.2562E-03  7.4016E-04
  8.4720E+01  1.0000E+00     2.2880E-03  2.1747E-03  7.1124E-04
  8.4780E+01  1.0000E+00     2.2046E-03  2.0960E-03  6.8312E-04
  8.4840E+01  1.0000E+00     2.1247E-03  2.0206E-03  6.5693E-04
  8.4900E+01  1.0000E+00     2.0478E-03  1.9481E-03  6.3115E-04
  8.4960E+01  1.0000E+00     1.9739E-03  1.8783E-03  6.0686E-04
  8.5020E+01  1.0000E+00     1.9029E-03  1.8112E-03  5.8348E-04
  8.5080E+01  1.0000E+00     1.8343E-03  1.7465E-03  5.6075E-04
  8.5140E+01  1.0000E+00     1.7687E-03  1.6844E-03  5.3955E-04
  8.5200E+01  1.0000E+00     1.7055E-03  1.6247E-03  5.1865E-04
  8.5260E+01  1.0000E+00     1.6446E-03  1.5671E-03  4.9893E-04
  8.5320E+01  1.0000E+00     1.5861E-03  1.5118E-03  4.7992E-04
  8.5380E+01  1.0000E+00     1.5297E-03  1.4584E-03  4.6140E-04
  8.5440E+01  1.0000E+00     1.4756E-03  1.4072E-03  4.4412E-04
  8.5500E+01  1.0000E+00     1.4235E-03  1.3579E-03  4.2708E-04
  8.5560E+01  1.0000E+00     1.3733E-03  1.3104E-03  4.1098E-04
  8.5620E+01  1.0000E+00     1.3251E-03  1.2647E-03  3.9545E-04
  8.5680E+01  1.0000E+00     1.2785E-03  1.2207E-03  3.8028E-04
  8.5740E+01  1.0000E+00     1.2339E-03  1.1783E-03  3.6612E-04
  8.5800E+01  1.0000E+00     1.1909E-03  1.1377E-03  3.5213E-04
  8.5860E+01  1.0000E+00     1.1495E-03  1.0984E-03  3.3891E-04
  8.5920E+01  1.0000E+00     1.1097E-03  1.0607E-03  3.2615E-04
  8.5980E+01  1.0000E+00     1.0713E-03  1.0243E-03  3.1369E-04
  8.6040E+01  1.0000E+00     1.0344E-03  9.8933E-04  3.0204E-04
  8.6100E+01  1.0000E+00     9.9892E-04  9.5574E-04  2.9050E-04
  8.6160E+01  1.0000E+00     9.6474E-04  9.2333E-04  2.7961E-04
  8.6220E+01  1.0000E+00     9.3188E-04  8.9218E-04  2.6909E-04
  8.6280E+01  1.0000E+00     9.0013E-04  8.6212E-04  2.5881E-04
  8.6340E+01  1.0000E+00     8.6971E-04  8.3325E-04  2.4919E-04
  8.6400E+01  1.0000E+00     8.4042E-04  8.0552E-04  2.3967E-04
  8.6460E+01  1.0000E+00     8.1221E-04  7.7876E-04  2.3067E-04
  8.6520E+01  1.0000E+00     7.8509E-04  7.5306E-04  2.2198E-04
  8.6580E+01  1.0000E+00     7.5891E-04  7.2826E-04  2.1347E-04
  8.6640E+01  1.0000E+00     7.3381E-04  7.0445E-04  2.0552E-04
  8.6700E+01  1.0000E+00     7.0965E-04  6.8157E-04  1.9765E-04
  8.6760E+01  1.0000E+00     6.8639E-04  6.5951E-04  1.9021E-04
  8.6820E+01  1.0000E+00     6.6403E-04  6.3831E-04  1.8302E-04
  8.6880E+01  1.0000E+00     6.4245E-04  6.1787E-04  1.7600E-04
  8.6940E+01  1.0000E+00     6.2177E-04  5.9824E-04  1.6944E-04
  8.7000E+01  1.0000E+00     6.0187E-04  5.7939E-04  1.6294E-04
  8.7060E+01  1.0000E+00     5.8270E-04  5.6121E-04  1.5678E-04
  8.7120E+01  1.0000E+00     5.6428E-04  5.4374E-04  1.5085E-04
  8.7180E+01  1.0000E+00     5.4650E-04  5.2691E-04  1.4504E-04
  8.7240E+01  1.0000E+00     5.2948E-04  5.1074E-04  1.3963E-04
  8.7300E+01  1.0000E+00     5.1310E-04  4.9522E-04  1.3427E-04
  8.7360E+01  1.0000E+00     4.9732E-04  4.8024E-04  1.2920E-04
  8.7420E+01  1.0000E+00     4.8216E-04  4.6586E-04  1.2431E-04
  8.7480E+01  1.0000E+00     4.6753E-04  4.5199E-04  1.1953E-04
  8.7540E+01  1.0000E+00     4.5351E-04  4.3867E-04  1.1507E-04
  8.7600E+01  1.0000E+00     4.4003E-04  4.2589E-04  1.1066E-04
  8.7660E+01  1.0000E+00     4.2704E-04  4.1355E-04  1.0649E-04
  8.7720E+01  1.0000E+00     4.1457E-04  4.0170E-04  1.0247E-04
  8.7780E+01  1.0000E+00     4.0253E-04  3.9028E-04  9.8547E-05
  8.7840E+01  1.0000E+00     3.9099E-04  3.7930E-04  9.4884E-05
  8.7900E+01  1.0000E+00     3.7989E-04  3.6876E-04  9.1260E-05
  8.7960E+01  1.0000E+00     3.6920E-04  3.5860E-04  8.7838E-05
  8.8020E+01  1.0000E+00     3.5893E-04  3.4883E-04  8.4542E-05
  8.8080E+01  1.0000E+00     3.4901E-04  3.3940E-04  8.1326E-05
  8.8140E+01  1.0000E+00     3.3950E-04  3.3034E-04  7.8327E-05
  8.8200E+01  1.0000E+00     3.3036E-04  3.2165E-04  7.5363E-05
  8.8260E+01  1.0000E+00     3.2154E-04  3.1325E-04  7.2565E-05
  8.8320E+01  1.0000E+00     3.1307E-04  3.0518E-04  6.9869E-05
  8.8380E+01  1.0000E+00     3.0489E-04  2.9738E-04  6.7237E-05
  8.8440E+01  1.0000E+00     2.9704E-04  2.8989E-04  6.4783E-05
  8.8500E+01  1.0000E+00     2.8949E-04  2.8269E-04  6.2360E-05
  8.8560E+01  1.0000E+00     2.8221E-04  2.7574E-04  6.0075E-05
  8.8620E+01  1.0000E+00     2.7521E-04  2.6906E-04  5.7875E-05
  8.8680E+01  1.0000E+00     2.6845E-04  2.6260E-04  5.5727E-05
  8.8740E+01  1.0000E+00     2.6195E-04  2.5639E-04  5.3725E-05
  8.8800E+01  1.0000E+00     2.5570E-04  2.5041E-04  5.1749E-05
  8.8860E+01  1.0000E+00     2.4967E-04  2.4463E-04  4.9883E-05
  8.8920E+01  1.0000E+00     2.4386E-04  2.3908E-04  4.8088E-05
  8.8980E+01  1.0000E+00     2.3825E-04  2.3370E-04  4.6337E-05
  8.9040E+01  1.0000E+00     2.3286E-04  2.2853E-04  4.4706E-05
  8.9100E+01  1.0000E+00     2.2767E-04  2.2355E-04  4.3095E-05
  8.9160E+01  1.0000E+00     2.2265E-04  2.1874E-04  4.1574E-05
  8.9220E+01  1.0000E+00     2.1782E-04  2.1410E-04  4.0110E-05
  8.9280E+01  1.0000E+00     2.1315E-04  2.0961E-04  3.8683E-05
  8.9340E+01  1.0000E+00     2.0865E-04  2.0528E-04  3.7353E-05
  8.9400E+01  1.0000E+00     2.0432E-04  2.0112E-04  3.6040E-05
  8.9460E+01  1.0000E+00     2.0013E-04  1.9708E-04  3.4800E-05
  8.9520E+01  1.0000E+00     1.9609E-04  1.9319E-04  3.3607E-05
  8.9580E+01  1.0000E+00     1.9218E-04  1.8942E-04  3.2443E-05
  8.9640E+01  1.0000E+00     1.8841E-04  1.8578E-04  3.1359E-05
  8.9700E+01  1.0000E+00     1.8478E-04  1.8228E-04  3.0288E-05
  8.9760E+01  1.0000E+00     1.8126E-04  1.7888E-04  2.9276E-05
  8.9820E+01  1.0000E+00     1.7786E-04  1.7559E-04  2.8303E-05
  8.9880E+01  1.0000E+00     1.7457E-04  1.7241E-04  2.7353E-05
  8.9940E+01  1.0000E+00     1.7140E-04  1.6934E-04  2.6467E-05
  9.0000E+01  1.0000E+00     1.6833E-04  1.6637E-04  2.5593E-05
