Matrix of values from data file Adj_mmNew_275A.POU
  ZMin:   3.5000E+02    RMin:   0.0000E+00
  ZMax:   3.9000E+02    RMax:   1.0000E+00
  NZ: 500    NR: 500
Z                 R             |B|         Bz         Br
=============================================================================
  3.5000E+02  0.0000E+00     3.1967E-04  3.1967E-04 -3.3821E-09
  3.5008E+02  0.0000E+00     3.2551E-04  3.2551E-04 -1.0820E-09
  3.5016E+02  0.0000E+00     3.3147E-04  3.3147E-04  1.3118E-09
  3.5024E+02  0.0000E+00     3.3754E-04  3.3754E-04  3.8272E-09
  3.5032E+02  0.0000E+00     3.4379E-04  3.4379E-04 -2.9834E-09
  3.5040E+02  0.0000E+00     3.5019E-04  3.5019E-04 -3.5598E-10
  3.5048E+02  0.0000E+00     3.5672E-04  3.5672E-04  2.2463E-09
  3.5056E+02  0.0000E+00     3.6338E-04  3.6338E-04 -4.9623E-09
  3.5064E+02  0.0000E+00     3.7027E-04  3.7027E-04 -2.2253E-09
  3.5072E+02  0.0000E+00     3.7730E-04  3.7730E-04  4.8826E-10
  3.5080E+02  0.0000E+00     3.8448E-04  3.8448E-04  3.6576E-09
  3.5088E+02  0.0000E+00     3.9183E-04  3.9183E-04 -4.4895E-09
  3.5096E+02  0.0000E+00     3.9940E-04  3.9940E-04 -1.5448E-09
  3.5104E+02  0.0000E+00     4.0713E-04  4.0713E-04  1.7574E-09
  3.5112E+02  0.0000E+00     4.1502E-04  4.1502E-04  5.1098E-09
  3.5120E+02  0.0000E+00     4.2314E-04  4.2314E-04 -3.9488E-09
  3.5128E+02  0.0000E+00     4.3147E-04  4.3147E-04 -4.4282E-10
  3.5136E+02  0.0000E+00     4.3998E-04  4.3998E-04  3.1518E-09
  3.5144E+02  0.0000E+00     4.4866E-04  4.4866E-04 -6.6155E-09
  3.5152E+02  0.0000E+00     4.5765E-04  4.5765E-04 -3.0662E-09
  3.5160E+02  0.0000E+00     4.6683E-04  4.6683E-04  7.6467E-10
  3.5168E+02  0.0000E+00     4.7621E-04  4.7621E-04  4.8895E-09
  3.5176E+02  0.0000E+00     4.8583E-04  4.8583E-04 -6.0430E-09
  3.5184E+02  0.0000E+00     4.9574E-04  4.9574E-04 -2.0083E-09
  3.5192E+02  0.0000E+00     5.0587E-04  5.0587E-04  2.3271E-09
  3.5200E+02  0.0000E+00     5.1623E-04  5.1623E-04  6.9550E-09
  3.5208E+02  0.0000E+00     5.2689E-04  5.2689E-04 -5.1547E-09
  3.5216E+02  0.0000E+00     5.3784E-04  5.3784E-04 -6.6178E-10
  3.5224E+02  0.0000E+00     5.4903E-04  5.4903E-04  4.2673E-09
  3.5232E+02  0.0000E+00     5.6046E-04  5.6046E-04 -8.7170E-09
  3.5240E+02  0.0000E+00     5.7230E-04  5.7230E-04 -4.2003E-09
  3.5248E+02  0.0000E+00     5.8440E-04  5.8440E-04  1.0554E-09
  3.5256E+02  0.0000E+00     5.9677E-04  5.9677E-04  6.8405E-09
  3.5264E+02  0.0000E+00     6.0948E-04  6.0948E-04 -8.3270E-09
  3.5272E+02  0.0000E+00     6.2258E-04  6.2258E-04 -2.7335E-09
  3.5280E+02  0.0000E+00     6.3598E-04  6.3598E-04  3.2498E-09
  3.5288E+02  0.0000E+00     6.4968E-04  6.4968E-04  9.7726E-09
  3.5296E+02  0.0000E+00     6.6381E-04  6.6381E-04 -6.9862E-09
  3.5304E+02  0.0000E+00     6.7833E-04  6.7833E-04 -9.4941E-10
  3.5312E+02  0.0000E+00     6.9318E-04  6.9318E-04  6.0492E-09
  3.5320E+02  0.0000E+00     7.0836E-04  7.0836E-04 -1.2253E-08
  3.5328E+02  0.0000E+00     7.2410E-04  7.2410E-04 -5.7932E-09
  3.5336E+02  0.0000E+00     7.4020E-04  7.4020E-04  1.6759E-09
  3.5344E+02  0.0000E+00     7.5666E-04  7.5666E-04  9.0001E-09
  3.5352E+02  0.0000E+00     7.7358E-04  7.7358E-04 -1.0985E-08
  3.5360E+02  0.0000E+00     7.9104E-04  7.9104E-04 -3.5126E-09
  3.5368E+02  0.0000E+00     8.0890E-04  8.0890E-04  4.2755E-09
  3.5376E+02  0.0000E+00     8.2718E-04  8.2718E-04  1.3659E-08
  3.5384E+02  0.0000E+00     8.4605E-04  8.4605E-04 -9.6560E-09
  3.5392E+02  0.0000E+00     8.6545E-04  8.6545E-04 -1.3200E-09
  3.5400E+02  0.0000E+00     8.8530E-04  8.8530E-04  8.3727E-09
  3.5408E+02  0.0000E+00     9.0561E-04  9.0561E-04 -1.6474E-08
  3.5416E+02  0.0000E+00     9.2666E-04  9.2666E-04 -7.4295E-09
  3.5424E+02  0.0000E+00     9.4823E-04  9.4823E-04  2.0078E-09
  3.5432E+02  0.0000E+00     9.7029E-04  9.7029E-04  1.2959E-08
  3.5440E+02  0.0000E+00     9.9298E-04  9.9298E-04 -1.5221E-08
  3.5448E+02  0.0000E+00     1.0164E-03  1.0164E-03 -5.2281E-09
  3.5456E+02  0.0000E+00     1.0404E-03  1.0404E-03  6.5561E-09
  3.5464E+02  0.0000E+00     1.0649E-03  1.0649E-03  1.7818E-08
  3.5472E+02  0.0000E+00     1.0903E-03  1.0903E-03 -1.2970E-08
  3.5480E+02  0.0000E+00     1.1164E-03  1.1164E-03 -1.1051E-09
  3.5488E+02  0.0000E+00     1.1430E-03  1.1430E-03  1.1118E-08
  3.5496E+02  0.0000E+00     1.1704E-03  1.1704E-03 -2.2330E-08
  3.5504E+02  0.0000E+00     1.1987E-03  1.1987E-03 -1.0446E-08
  3.5512E+02  0.0000E+00     1.2278E-03  1.2278E-03  2.9360E-09
  3.5520E+02  0.0000E+00     1.2575E-03  1.2575E-03  1.7532E-08
  3.5528E+02  0.0000E+00     1.2881E-03  1.2881E-03 -2.0651E-08
  3.5536E+02  0.0000E+00     1.3196E-03  1.3196E-03 -6.5932E-09
  3.5544E+02  0.0000E+00     1.3520E-03  1.3520E-03  8.6711E-09
  3.5552E+02  0.0000E+00     1.3851E-03  1.3851E-03  2.5131E-08
  3.5560E+02  0.0000E+00     1.4193E-03  1.4193E-03 -1.7815E-08
  3.5568E+02  0.0000E+00     1.4545E-03  1.4545E-03 -1.7769E-09
  3.5576E+02  0.0000E+00     1.4905E-03  1.4905E-03  1.5575E-08
  3.5584E+02  0.0000E+00     1.5274E-03  1.5274E-03 -3.0763E-08
  3.5592E+02  0.0000E+00     1.5657E-03  1.5657E-03 -1.3888E-08
  3.5600E+02  0.0000E+00     1.6049E-03  1.6049E-03  4.4430E-09
  3.5608E+02  0.0000E+00     1.6451E-03  1.6451E-03  2.4218E-08
  3.5616E+02  0.0000E+00     1.6864E-03  1.6864E-03 -2.8678E-08
  3.5624E+02  0.0000E+00     1.7291E-03  1.7291E-03 -8.7325E-09
  3.5632E+02  0.0000E+00     1.7728E-03  1.7728E-03  1.2192E-08
  3.5640E+02  0.0000E+00     1.8176E-03  1.8176E-03  3.4085E-08
  3.5648E+02  0.0000E+00     1.8638E-03  1.8638E-03 -2.3940E-08
  3.5656E+02  0.0000E+00     1.9114E-03  1.9114E-03 -2.1857E-09
  3.5664E+02  0.0000E+00     1.9602E-03  1.9602E-03  2.1199E-08
  3.5672E+02  0.0000E+00     2.0101E-03  2.0101E-03 -4.1917E-08
  3.5680E+02  0.0000E+00     2.0618E-03  2.0618E-03 -1.8329E-08
  3.5688E+02  0.0000E+00     2.1148E-03  2.1148E-03  6.7356E-09
  3.5696E+02  0.0000E+00     2.1691E-03  2.1691E-03  3.2115E-08
  3.5704E+02  0.0000E+00     2.2250E-03  2.2250E-03 -3.7899E-08
  3.5712E+02  0.0000E+00     2.2827E-03  2.2827E-03 -1.1452E-08
  3.5720E+02  0.0000E+00     2.3418E-03  2.3418E-03  1.5007E-08
  3.5728E+02  0.0000E+00     2.4023E-03  2.4023E-03  4.7262E-08
  3.5736E+02  0.0000E+00     2.4649E-03  2.4649E-03 -3.1892E-08
  3.5744E+02  0.0000E+00     2.5291E-03  2.5291E-03 -2.8929E-09
  3.5752E+02  0.0000E+00     2.5949E-03  2.5949E-03  3.0155E-08
  3.5760E+02  0.0000E+00     2.6623E-03  2.6623E-03 -5.5696E-08
  3.5768E+02  0.0000E+00     2.7322E-03  2.7322E-03 -2.3678E-08
  3.5776E+02  0.0000E+00     2.8038E-03  2.8038E-03  7.9111E-09
  3.5784E+02  0.0000E+00     2.8770E-03  2.8770E-03  4.3140E-08
  3.5792E+02  0.0000E+00     2.9524E-03  2.9524E-03 -4.9621E-08
  3.5800E+02  0.0000E+00     3.0303E-03  3.0303E-03 -1.5202E-08
  3.5808E+02  0.0000E+00     3.1099E-03  3.1099E-03  2.2477E-08
  3.5816E+02  0.0000E+00     3.1915E-03  3.1915E-03  6.1060E-08
  3.5824E+02  0.0000E+00     3.2757E-03  3.2757E-03 -4.2753E-08
  3.5832E+02  0.0000E+00     3.3623E-03  3.3623E-03 -2.9567E-09
  3.5840E+02  0.0000E+00     3.4509E-03  3.4509E-03  3.6394E-08
  3.5848E+02  0.0000E+00     3.5416E-03  3.5416E-03 -7.3330E-08
  3.5856E+02  0.0000E+00     3.6358E-03  3.6358E-03 -3.1931E-08
  3.5864E+02  0.0000E+00     3.7320E-03  3.7320E-03  1.0472E-08
  3.5872E+02  0.0000E+00     3.8305E-03  3.8305E-03  5.9736E-08
  3.5880E+02  0.0000E+00     3.9317E-03  3.9317E-03 -6.4503E-08
  3.5888E+02  0.0000E+00     4.0361E-03  4.0361E-03 -1.9007E-08
  3.5896E+02  0.0000E+00     4.1431E-03  4.1431E-03  2.9685E-08
  3.5904E+02  0.0000E+00     4.2524E-03  4.2524E-03  8.0099E-08
  3.5912E+02  0.0000E+00     4.3653E-03  4.3653E-03 -5.3797E-08
  3.5920E+02  0.0000E+00     4.4814E-03  4.4814E-03 -3.9497E-09
  3.5928E+02  0.0000E+00     4.6000E-03  4.6000E-03  4.9668E-08
  3.5936E+02  0.0000E+00     4.7214E-03  4.7214E-03 -9.4529E-08
  3.5944E+02  0.0000E+00     4.8472E-03  4.8472E-03 -4.1403E-08
  3.5952E+02  0.0000E+00     4.9758E-03  4.9758E-03  1.5365E-08
  3.5960E+02  0.0000E+00     5.1072E-03  5.1072E-03  7.5669E-08
  3.5968E+02  0.0000E+00     5.2424E-03  5.2424E-03 -8.3928E-08
  3.5976E+02  0.0000E+00     5.3817E-03  5.3817E-03 -2.4673E-08
  3.5984E+02  0.0000E+00     5.5241E-03  5.5241E-03  3.8378E-08
  3.5992E+02  0.0000E+00     5.6697E-03  5.6697E-03  1.0509E-07
  3.6000E+02  0.0000E+00     5.8199E-03  5.8199E-03 -6.8774E-08
  3.6008E+02  0.0000E+00     5.9740E-03  5.9740E-03 -5.9139E-09
  3.6016E+02  0.0000E+00     6.1315E-03  6.1315E-03  6.5425E-08
  3.6024E+02  0.0000E+00     6.2926E-03  6.2926E-03 -1.1876E-07
  3.6032E+02  0.0000E+00     6.4592E-03  6.4592E-03 -5.2154E-08
  3.6040E+02  0.0000E+00     6.6293E-03  6.6293E-03  2.0217E-08
  3.6048E+02  0.0000E+00     6.8032E-03  6.8032E-03  9.6285E-08
  3.6056E+02  0.0000E+00     6.9817E-03  6.9817E-03 -1.0523E-07
  3.6064E+02  0.0000E+00     7.1655E-03  7.1655E-03 -3.1278E-08
  3.6072E+02  0.0000E+00     7.3531E-03  7.3531E-03  4.8014E-08
  3.6080E+02  0.0000E+00     7.5447E-03  7.5447E-03  1.3355E-07
  3.6088E+02  0.0000E+00     7.7421E-03  7.7421E-03 -8.7774E-08
  3.6096E+02  0.0000E+00     7.9442E-03  7.9442E-03 -4.3281E-09
  3.6104E+02  0.0000E+00     8.1506E-03  8.1506E-03  8.4627E-08
  3.6112E+02  0.0000E+00     8.3615E-03  8.3615E-03 -1.4534E-07
  3.6120E+02  0.0000E+00     8.5789E-03  8.5789E-03 -6.3271E-08
  3.6128E+02  0.0000E+00     8.8009E-03  8.8009E-03  2.5857E-08
  3.6136E+02  0.0000E+00     9.0272E-03  9.0272E-03  1.1344E-07
  3.6144E+02  0.0000E+00     9.2594E-03  9.2594E-03 -1.2552E-07
  3.6152E+02  0.0000E+00     9.4977E-03  9.4977E-03 -3.3818E-08
  3.6160E+02  0.0000E+00     9.7404E-03  9.7404E-03  6.0034E-08
  3.6168E+02  0.0000E+00     9.9881E-03  9.9881E-03  1.5634E-07
  3.6176E+02  0.0000E+00     1.0243E-02  1.0243E-02 -1.0371E-07
  3.6184E+02  0.0000E+00     1.0503E-02  1.0503E-02 -1.2911E-09
  3.6192E+02  0.0000E+00     1.0768E-02  1.0768E-02  9.4208E-08
  3.6200E+02  0.0000E+00     1.1038E-02  1.1038E-02 -1.7282E-07
  3.6208E+02  0.0000E+00     1.1316E-02  1.1316E-02 -7.2171E-08
  3.6216E+02  0.0000E+00     1.1598E-02  1.1598E-02  2.9435E-08
  3.6224E+02  0.0000E+00     1.1886E-02  1.1886E-02  1.3620E-07
  3.6232E+02  0.0000E+00     1.2180E-02  1.2180E-02 -1.3756E-07
  3.6240E+02  0.0000E+00     1.2481E-02  1.2481E-02 -4.0677E-08
  3.6248E+02  0.0000E+00     1.2787E-02  1.2787E-02  6.8298E-08
  3.6256E+02  0.0000E+00     1.3097E-02  1.3097E-02  1.5949E-07
  3.6264E+02  0.0000E+00     1.3416E-02  1.3416E-02 -1.0332E-07
  3.6272E+02  0.0000E+00     1.3739E-02  1.3739E-02  1.9694E-09
  3.6280E+02  0.0000E+00     1.4068E-02  1.4068E-02  9.4033E-08
  3.6288E+02  0.0000E+00     1.4402E-02  1.4402E-02 -1.6925E-07
  3.6296E+02  0.0000E+00     1.4744E-02  1.4744E-02 -6.3489E-08
  3.6304E+02  0.0000E+00     1.5090E-02  1.5090E-02  3.2241E-08
  3.6312E+02  0.0000E+00     1.5442E-02  1.5442E-02  1.2710E-07
  3.6320E+02  0.0000E+00     1.5799E-02  1.5799E-02 -1.2850E-07
  3.6328E+02  0.0000E+00     1.6162E-02  1.6162E-02 -3.1252E-08
  3.6336E+02  0.0000E+00     1.6530E-02  1.6530E-02  5.8578E-08
  3.6344E+02  0.0000E+00     1.6902E-02  1.6902E-02  1.4292E-07
  3.6352E+02  0.0000E+00     1.7281E-02  1.7281E-02 -7.9374E-08
  3.6360E+02  0.0000E+00     1.7664E-02  1.7664E-02 -1.6718E-09
  3.6368E+02  0.0000E+00     1.8051E-02  1.8051E-02  7.5533E-08
  3.6376E+02  0.0000E+00     1.8443E-02  1.8443E-02 -1.2108E-07
  3.6384E+02  0.0000E+00     1.8839E-02  1.8839E-02 -4.2704E-08
  3.6392E+02  0.0000E+00     1.9239E-02  1.9239E-02  2.3248E-08
  3.6400E+02  0.0000E+00     1.9641E-02  1.9641E-02  7.6530E-08
  3.6408E+02  0.0000E+00     2.0048E-02  2.0048E-02 -6.9467E-08
  3.6416E+02  0.0000E+00     2.0458E-02  2.0458E-02 -1.1501E-08
  3.6424E+02  0.0000E+00     2.0870E-02  2.0870E-02  2.9895E-08
  3.6432E+02  0.0000E+00     2.1284E-02  2.1284E-02  5.4381E-08
  3.6440E+02  0.0000E+00     2.1702E-02  2.1702E-02 -2.4256E-08
  3.6448E+02  0.0000E+00     2.2119E-02  2.2119E-02  5.7482E-09
  3.6456E+02  0.0000E+00     2.2538E-02  2.2538E-02  1.4804E-08
  3.6464E+02  0.0000E+00     2.2959E-02  2.2959E-02 -1.3167E-08
  3.6472E+02  0.0000E+00     2.3379E-02  2.3379E-02  9.6762E-09
  3.6480E+02  0.0000E+00     2.3798E-02  2.3798E-02  3.2719E-09
  3.6488E+02  0.0000E+00     2.4217E-02  2.4217E-02 -3.4706E-08
  3.6496E+02  0.0000E+00     2.4636E-02  2.4636E-02  4.2975E-08
  3.6504E+02  0.0000E+00     2.5051E-02  2.5051E-02  2.3251E-08
  3.6512E+02  0.0000E+00     2.5464E-02  2.5464E-02 -3.1471E-08
  3.6520E+02  0.0000E+00     2.5875E-02  2.5875E-02 -9.1382E-08
  3.6528E+02  0.0000E+00     2.6283E-02  2.6283E-02  7.6854E-08
  3.6536E+02  0.0000E+00     2.6685E-02  2.6685E-02  8.7666E-09
  3.6544E+02  0.0000E+00     2.7083E-02  2.7083E-02 -8.5673E-08
  3.6552E+02  0.0000E+00     2.7477E-02  2.7477E-02  1.6571E-07
  3.6560E+02  0.0000E+00     2.7862E-02  2.7862E-02  8.8431E-08
  3.6568E+02  0.0000E+00     2.8242E-02  2.8242E-02 -3.6062E-08
  3.6576E+02  0.0000E+00     2.8615E-02  2.8615E-02 -1.8251E-07
  3.6584E+02  0.0000E+00     2.8980E-02  2.8980E-02  2.0497E-07
  3.6592E+02  0.0000E+00     2.9335E-02  2.9335E-02  5.7627E-08
  3.6600E+02  0.0000E+00     2.9682E-02  2.9682E-02 -1.0754E-07
  3.6608E+02  0.0000E+00     3.0020E-02  3.0020E-02 -3.1673E-07
  3.6616E+02  0.0000E+00     3.0345E-02  3.0345E-02  1.9451E-07
  3.6624E+02  0.0000E+00     3.0659E-02  3.0659E-02  9.8305E-09
  3.6632E+02  0.0000E+00     3.0963E-02  3.0963E-02 -2.1653E-07
  3.6640E+02  0.0000E+00     3.1255E-02  3.1255E-02  3.7670E-07
  3.6648E+02  0.0000E+00     3.1530E-02  3.1530E-02  1.6365E-07
  3.6656E+02  0.0000E+00     3.1793E-02  3.1793E-02 -7.9161E-08
  3.6664E+02  0.0000E+00     3.2044E-02  3.2044E-02 -3.3686E-07
  3.6672E+02  0.0000E+00     3.2279E-02  3.2279E-02  3.5012E-07
  3.6680E+02  0.0000E+00     3.2496E-02  3.2496E-02  9.2037E-08
  3.6688E+02  0.0000E+00     3.2700E-02  3.2700E-02 -1.8184E-07
  3.6696E+02  0.0000E+00     3.2889E-02  3.2889E-02 -4.8470E-07
  3.6704E+02  0.0000E+00     3.3058E-02  3.3058E-02  2.9299E-07
  3.6712E+02  0.0000E+00     3.3210E-02  3.3210E-02  1.1300E-09
  3.6720E+02  0.0000E+00     3.3347E-02  3.3347E-02 -3.0773E-07
  3.6728E+02  0.0000E+00     3.3468E-02  3.3468E-02  5.1288E-07
  3.6736E+02  0.0000E+00     3.3565E-02  3.3565E-02  2.0807E-07
  3.6744E+02  0.0000E+00     3.3646E-02  3.3646E-02 -1.0813E-07
  3.6752E+02  0.0000E+00     3.3712E-02  3.3712E-02 -4.3275E-07
  3.6760E+02  0.0000E+00     3.3757E-02  3.3757E-02  4.2518E-07
  3.6768E+02  0.0000E+00     3.3781E-02  3.3781E-02  1.0281E-07
  3.6776E+02  0.0000E+00     3.3789E-02  3.3789E-02 -2.2160E-07
  3.6784E+02  0.0000E+00     3.3780E-02  3.3780E-02 -5.4442E-07
  3.6792E+02  0.0000E+00     3.3747E-02  3.3747E-02  3.1515E-07
  3.6800E+02  0.0000E+00     3.3697E-02  3.3697E-02 -7.8154E-09
  3.6808E+02  0.0000E+00     3.3632E-02  3.3632E-02 -3.2447E-07
  3.6816E+02  0.0000E+00     3.3548E-02  3.3548E-02  5.1596E-07
  3.6824E+02  0.0000E+00     3.3441E-02  3.3441E-02  1.9687E-07
  3.6832E+02  0.0000E+00     3.3319E-02  3.3319E-02 -1.1194E-07
  3.6840E+02  0.0000E+00     3.3181E-02  3.3181E-02 -4.0557E-07
  3.6848E+02  0.0000E+00     3.3024E-02  3.3024E-02  3.8161E-07
  3.6856E+02  0.0000E+00     3.2848E-02  3.2848E-02  8.1246E-08
  3.6864E+02  0.0000E+00     3.2659E-02  3.2659E-02 -1.9574E-07
  3.6872E+02  0.0000E+00     3.2455E-02  3.2455E-02 -4.5413E-07
  3.6880E+02  0.0000E+00     3.2230E-02  3.2230E-02  2.5246E-07
  3.6888E+02  0.0000E+00     3.1992E-02  3.1992E-02 -1.1141E-08
  3.6896E+02  0.0000E+00     3.1741E-02  3.1741E-02 -2.5693E-07
  3.6904E+02  0.0000E+00     3.1476E-02  3.1476E-02  3.8383E-07
  3.6912E+02  0.0000E+00     3.1195E-02  3.1195E-02  1.3467E-07
  3.6920E+02  0.0000E+00     3.0902E-02  3.0902E-02 -8.9341E-08
  3.6928E+02  0.0000E+00     3.0599E-02  3.0599E-02 -2.7126E-07
  3.6936E+02  0.0000E+00     3.0282E-02  3.0282E-02  2.4343E-07
  3.6944E+02  0.0000E+00     2.9953E-02  2.9953E-02  4.6383E-08
  3.6952E+02  0.0000E+00     2.9616E-02  2.9616E-02 -1.2144E-07
  3.6960E+02  0.0000E+00     2.9270E-02  2.9270E-02 -2.5806E-07
  3.6968E+02  0.0000E+00     2.8911E-02  2.8911E-02  1.3313E-07
  3.6976E+02  0.0000E+00     2.8546E-02  2.8546E-02 -1.7945E-08
  3.6984E+02  0.0000E+00     2.8174E-02  2.8174E-02 -1.2805E-07
  3.6992E+02  0.0000E+00     2.7794E-02  2.7794E-02  1.8693E-07
  3.7000E+02  0.0000E+00     2.7406E-02  2.7406E-02  5.5353E-08
  3.7008E+02  0.0000E+00     2.7014E-02  2.7014E-02 -3.3152E-08
  3.7016E+02  0.0000E+00     2.6617E-02  2.6617E-02 -1.1554E-07
  3.7024E+02  0.0000E+00     2.6213E-02  2.6213E-02  8.6439E-08
  3.7032E+02  0.0000E+00     2.5807E-02  2.5807E-02  9.9407E-09
  3.7040E+02  0.0000E+00     2.5398E-02  2.5398E-02 -4.7744E-08
  3.7048E+02  0.0000E+00     2.4987E-02  2.4987E-02 -5.6056E-08
  3.7056E+02  0.0000E+00     2.4571E-02  2.4571E-02  2.0442E-08
  3.7064E+02  0.0000E+00     2.4155E-02  2.4155E-02 -8.0184E-09
  3.7072E+02  0.0000E+00     2.3738E-02  2.3738E-02 -7.2030E-09
  3.7080E+02  0.0000E+00     2.3319E-02  2.3319E-02  6.9610E-09
  3.7088E+02  0.0000E+00     2.2901E-02  2.2901E-02 -1.2681E-08
  3.7096E+02  0.0000E+00     2.2484E-02  2.2484E-02 -3.5423E-09
  3.7104E+02  0.0000E+00     2.2067E-02  2.2067E-02  3.3075E-08
  3.7112E+02  0.0000E+00     2.1651E-02  2.1651E-02 -3.5166E-08
  3.7120E+02  0.0000E+00     2.1237E-02  2.1237E-02 -1.8520E-08
  3.7128E+02  0.0000E+00     2.0825E-02  2.0825E-02  3.3093E-08
  3.7136E+02  0.0000E+00     2.0415E-02  2.0415E-02  8.0338E-08
  3.7144E+02  0.0000E+00     2.0008E-02  2.0008E-02 -5.7028E-08
  3.7152E+02  0.0000E+00     1.9605E-02  1.9605E-02  2.2715E-09
  3.7160E+02  0.0000E+00     1.9204E-02  1.9204E-02  6.1813E-08
  3.7168E+02  0.0000E+00     1.8807E-02  1.8807E-02 -1.1252E-07
  3.7176E+02  0.0000E+00     1.8415E-02  1.8415E-02 -4.7027E-08
  3.7184E+02  0.0000E+00     1.8026E-02  1.8026E-02  2.6719E-08
  3.7192E+02  0.0000E+00     1.7642E-02  1.7642E-02  1.1006E-07
  3.7200E+02  0.0000E+00     1.7262E-02  1.7262E-02 -1.0664E-07
  3.7208E+02  0.0000E+00     1.6888E-02  1.6888E-02 -2.6167E-08
  3.7216E+02  0.0000E+00     1.6518E-02  1.6518E-02  6.2362E-08
  3.7224E+02  0.0000E+00     1.6153E-02  1.6153E-02  1.5662E-07
  3.7232E+02  0.0000E+00     1.5794E-02  1.5794E-02 -8.8246E-08
  3.7240E+02  0.0000E+00     1.5440E-02  1.5440E-02  3.9541E-09
  3.7248E+02  0.0000E+00     1.5091E-02  1.5091E-02  9.7742E-08
  3.7256E+02  0.0000E+00     1.4747E-02  1.4747E-02 -1.5883E-07
  3.7264E+02  0.0000E+00     1.4411E-02  1.4411E-02 -5.7445E-08
  3.7272E+02  0.0000E+00     1.4079E-02  1.4079E-02  3.5524E-08
  3.7280E+02  0.0000E+00     1.3753E-02  1.3753E-02  1.4159E-07
  3.7288E+02  0.0000E+00     1.3433E-02  1.3433E-02 -1.2756E-07
  3.7296E+02  0.0000E+00     1.3119E-02  1.3119E-02 -2.6999E-08
  3.7304E+02  0.0000E+00     1.2811E-02  1.2811E-02  7.4738E-08
  3.7312E+02  0.0000E+00     1.2507E-02  1.2507E-02  1.7014E-07
  3.7320E+02  0.0000E+00     1.2211E-02  1.2211E-02 -9.2005E-08
  3.7328E+02  0.0000E+00     1.1920E-02  1.1920E-02  6.6601E-09
  3.7336E+02  0.0000E+00     1.1635E-02  1.1635E-02  1.0415E-07
  3.7344E+02  0.0000E+00     1.1355E-02  1.1355E-02 -1.5509E-07
  3.7352E+02  0.0000E+00     1.1082E-02  1.1082E-02 -5.6170E-08
  3.7360E+02  0.0000E+00     1.0814E-02  1.0814E-02  4.0079E-08
  3.7368E+02  0.0000E+00     1.0551E-02  1.0551E-02  1.2977E-07
  3.7376E+02  0.0000E+00     1.0294E-02  1.0294E-02 -1.2026E-07
  3.7384E+02  0.0000E+00     1.0044E-02  1.0044E-02 -2.2364E-08
  3.7392E+02  0.0000E+00     9.7976E-03  9.7976E-03  6.5868E-08
  3.7400E+02  0.0000E+00     9.5564E-03  9.5564E-03  1.6534E-07
  3.7408E+02  0.0000E+00     9.3223E-03  9.3223E-03 -8.1405E-08
  3.7416E+02  0.0000E+00     9.0928E-03  9.0928E-03  5.4814E-09
  3.7424E+02  0.0000E+00     8.8681E-03  8.8681E-03  9.8312E-08
  3.7432E+02  0.0000E+00     8.6483E-03  8.6483E-03 -1.4130E-07
  3.7440E+02  0.0000E+00     8.4347E-03  8.4347E-03 -5.1350E-08
  3.7448E+02  0.0000E+00     8.2256E-03  8.2256E-03  3.5546E-08
  3.7456E+02  0.0000E+00     8.0204E-03  8.0204E-03  1.1433E-07
  3.7464E+02  0.0000E+00     7.8210E-03  7.8210E-03 -9.9857E-08
  3.7472E+02  0.0000E+00     7.6266E-03  7.6266E-03 -1.8794E-08
  3.7480E+02  0.0000E+00     7.4360E-03  7.4360E-03  5.8775E-08
  3.7488E+02  0.0000E+00     7.2495E-03  7.2495E-03  1.3119E-07
  3.7496E+02  0.0000E+00     7.0690E-03  7.0690E-03 -6.9889E-08
  3.7504E+02  0.0000E+00     6.8922E-03  6.8922E-03  8.4632E-09
  3.7512E+02  0.0000E+00     6.7191E-03  6.7191E-03  7.6924E-08
  3.7520E+02  0.0000E+00     6.5503E-03  6.5503E-03 -1.1228E-07
  3.7528E+02  0.0000E+00     6.3866E-03  6.3866E-03 -3.8893E-08
  3.7536E+02  0.0000E+00     6.2262E-03  6.2262E-03  2.8730E-08
  3.7544E+02  0.0000E+00     6.0693E-03  6.0693E-03  9.6544E-08
  3.7552E+02  0.0000E+00     5.9171E-03  5.9171E-03 -8.0841E-08
  3.7560E+02  0.0000E+00     5.7687E-03  5.7687E-03 -1.6592E-08
  3.7568E+02  0.0000E+00     5.6234E-03  5.6234E-03  4.6974E-08
  3.7576E+02  0.0000E+00     5.4814E-03  5.4814E-03  1.0554E-07
  3.7584E+02  0.0000E+00     5.3441E-03  5.3441E-03 -5.3423E-08
  3.7592E+02  0.0000E+00     5.2097E-03  5.2097E-03  5.9614E-09
  3.7600E+02  0.0000E+00     5.0783E-03  5.0783E-03  6.1734E-08
  3.7608E+02  0.0000E+00     4.9503E-03  4.9503E-03 -8.7312E-08
  3.7616E+02  0.0000E+00     4.8261E-03  4.8261E-03 -3.0334E-08
  3.7624E+02  0.0000E+00     4.7046E-03  4.7046E-03  2.3439E-08
  3.7632E+02  0.0000E+00     4.5858E-03  4.5858E-03  7.4166E-08
  3.7640E+02  0.0000E+00     4.4705E-03  4.4705E-03 -6.3134E-08
  3.7648E+02  0.0000E+00     4.3583E-03  4.3583E-03 -1.1353E-08
  3.7656E+02  0.0000E+00     4.2485E-03  4.2485E-03  3.7735E-08
  3.7664E+02  0.0000E+00     4.1411E-03  4.1411E-03  8.0597E-08
  3.7672E+02  0.0000E+00     4.0374E-03  4.0374E-03 -4.1620E-08
  3.7680E+02  0.0000E+00     3.9361E-03  3.9361E-03  4.6058E-09
  3.7688E+02  0.0000E+00     3.8369E-03  3.8369E-03  4.6803E-08
  3.7696E+02  0.0000E+00     3.7403E-03  3.7403E-03 -6.5332E-08
  3.7704E+02  0.0000E+00     3.6467E-03  3.6467E-03 -2.2546E-08
  3.7712E+02  0.0000E+00     3.5551E-03  3.5551E-03  1.7904E-08
  3.7720E+02  0.0000E+00     3.4655E-03  3.4655E-03  5.4948E-08
  3.7728E+02  0.0000E+00     3.3787E-03  3.3787E-03 -4.7546E-08
  3.7736E+02  0.0000E+00     3.2941E-03  3.2941E-03 -7.2704E-09
  3.7744E+02  0.0000E+00     3.2114E-03  3.2114E-03  2.8370E-08
  3.7752E+02  0.0000E+00     3.1305E-03  3.1305E-03  6.2887E-08
  3.7760E+02  0.0000E+00     3.0525E-03  3.0525E-03 -3.1072E-08
  3.7768E+02  0.0000E+00     2.9762E-03  2.9762E-03  3.9117E-09
  3.7776E+02  0.0000E+00     2.9015E-03  2.9015E-03  3.7462E-08
  3.7784E+02  0.0000E+00     2.8289E-03  2.8289E-03 -5.0095E-08
  3.7792E+02  0.0000E+00     2.7584E-03  2.7584E-03 -1.8341E-08
  3.7800E+02  0.0000E+00     2.6895E-03  2.6895E-03  1.4689E-08
  3.7808E+02  0.0000E+00     2.6222E-03  2.6222E-03  4.1107E-08
  3.7816E+02  0.0000E+00     2.5568E-03  2.5568E-03 -3.5096E-08
  3.7824E+02  0.0000E+00     2.4933E-03  2.4933E-03 -5.0751E-09
  3.7832E+02  0.0000E+00     2.4311E-03  2.4311E-03  2.0913E-08
  3.7840E+02  0.0000E+00     2.3703E-03  2.3703E-03  4.6297E-08
  3.7848E+02  0.0000E+00     2.3116E-03  2.3116E-03 -2.3680E-08
  3.7856E+02  0.0000E+00     2.2542E-03  2.2542E-03  3.7307E-09
  3.7864E+02  0.0000E+00     2.1981E-03  2.1981E-03  2.7391E-08
  3.7872E+02  0.0000E+00     2.1434E-03  2.1434E-03 -3.8301E-08
  3.7880E+02  0.0000E+00     2.0904E-03  2.0904E-03 -1.1951E-08
  3.7888E+02  0.0000E+00     2.0386E-03  2.0386E-03  1.0337E-08
  3.7896E+02  0.0000E+00     1.9879E-03  1.9879E-03  3.2517E-08
  3.7904E+02  0.0000E+00     1.9388E-03  1.9388E-03 -2.6218E-08
  3.7912E+02  0.0000E+00     1.8910E-03  1.8910E-03 -4.3268E-09
  3.7920E+02  0.0000E+00     1.8442E-03  1.8442E-03  1.7148E-08
  3.7928E+02  0.0000E+00     1.7984E-03  1.7984E-03  3.4795E-08
  3.7936E+02  0.0000E+00     1.7543E-03  1.7543E-03 -1.6690E-08
  3.7944E+02  0.0000E+00     1.7112E-03  1.7112E-03  2.6406E-09
  3.7952E+02  0.0000E+00     1.6689E-03  1.6689E-03  2.0400E-08
  3.7960E+02  0.0000E+00     1.6278E-03  1.6278E-03 -2.7869E-08
  3.7968E+02  0.0000E+00     1.5880E-03  1.5880E-03 -9.0346E-09
  3.7976E+02  0.0000E+00     1.5490E-03  1.5490E-03  7.6707E-09
  3.7984E+02  0.0000E+00     1.5109E-03  1.5109E-03  2.4165E-08
  3.7992E+02  0.0000E+00     1.4739E-03  1.4739E-03 -1.9570E-08
  3.8000E+02  0.0000E+00     1.4379E-03  1.4379E-03 -3.0468E-09
  3.8008E+02  0.0000E+00     1.4027E-03  1.4027E-03  1.2278E-08
  3.8016E+02  0.0000E+00     1.3683E-03  1.3683E-03  2.6574E-08
  3.8024E+02  0.0000E+00     1.3351E-03  1.3351E-03 -1.2387E-08
  3.8032E+02  0.0000E+00     1.3026E-03  1.3026E-03  2.0560E-09
  3.8040E+02  0.0000E+00     1.2708E-03  1.2708E-03  1.5353E-08
  3.8048E+02  0.0000E+00     1.2399E-03  1.2399E-03 -2.0555E-08
  3.8056E+02  0.0000E+00     1.2099E-03  1.2099E-03 -7.0050E-09
  3.8064E+02  0.0000E+00     1.1805E-03  1.1805E-03  5.9550E-09
  3.8072E+02  0.0000E+00     1.1518E-03  1.1518E-03  1.8222E-08
  3.8080E+02  0.0000E+00     1.1240E-03  1.1240E-03 -1.4845E-08
  3.8088E+02  0.0000E+00     1.0969E-03  1.0969E-03 -2.1720E-09
  3.8096E+02  0.0000E+00     1.0704E-03  1.0704E-03  9.5084E-09
  3.8104E+02  0.0000E+00     1.0444E-03  1.0444E-03  2.0041E-08
  3.8112E+02  0.0000E+00     1.0194E-03  1.0194E-03 -9.4043E-09
  3.8120E+02  0.0000E+00     9.9494E-04  9.9494E-04  1.3995E-09
  3.8128E+02  0.0000E+00     9.7099E-04  9.7099E-04  1.1999E-08
  3.8136E+02  0.0000E+00     9.4767E-04  9.4767E-04 -1.5353E-08
  3.8144E+02  0.0000E+00     9.2505E-04  9.2505E-04 -5.2559E-09
  3.8152E+02  0.0000E+00     9.0292E-04  9.0292E-04  4.8431E-09
  3.8160E+02  0.0000E+00     8.8127E-04  8.8127E-04  1.3687E-08
  3.8168E+02  0.0000E+00     8.6029E-04  8.6029E-04 -1.0743E-08
  3.8176E+02  0.0000E+00     8.3984E-04  8.3984E-04 -1.4645E-09
  3.8184E+02  0.0000E+00     8.1984E-04  8.1984E-04  6.7812E-09
  3.8192E+02  0.0000E+00     8.0029E-04  8.0029E-04  1.5522E-08
  3.8200E+02  0.0000E+00     7.8142E-04  7.8142E-04 -7.0913E-09
  3.8208E+02  0.0000E+00     7.6294E-04  7.6294E-04  1.0052E-09
  3.8216E+02  0.0000E+00     7.4487E-04  7.4487E-04  9.2168E-09
  3.8224E+02  0.0000E+00     7.2728E-04  7.2728E-04 -1.1505E-08
  3.8232E+02  0.0000E+00     7.1020E-04  7.1020E-04 -3.9143E-09
  3.8240E+02  0.0000E+00     6.9349E-04  6.9349E-04  3.6533E-09
  3.8248E+02  0.0000E+00     6.7715E-04  6.7715E-04  1.0206E-08
  3.8256E+02  0.0000E+00     6.6131E-04  6.6131E-04 -8.2473E-09
  3.8264E+02  0.0000E+00     6.4588E-04  6.4588E-04 -1.3206E-09
  3.8272E+02  0.0000E+00     6.3077E-04  6.3077E-04  5.3976E-09
  3.8280E+02  0.0000E+00     6.1599E-04  6.1599E-04  1.1509E-08
  3.8288E+02  0.0000E+00     6.0173E-04  6.0173E-04 -5.0813E-09
  3.8296E+02  0.0000E+00     5.8776E-04  5.8776E-04  1.1148E-09
  3.8304E+02  0.0000E+00     5.7410E-04  5.7410E-04  6.5363E-09
  3.8312E+02  0.0000E+00     5.6080E-04  5.6080E-04 -8.8032E-09
  3.8320E+02  0.0000E+00     5.4790E-04  5.4790E-04 -2.8623E-09
  3.8328E+02  0.0000E+00     5.3526E-04  5.3526E-04  2.6497E-09
  3.8336E+02  0.0000E+00     5.2291E-04  5.2291E-04  7.9411E-09
  3.8344E+02  0.0000E+00     5.1093E-04  5.1093E-04 -6.1310E-09
  3.8352E+02  0.0000E+00     4.9925E-04  4.9925E-04 -8.0983E-10
  3.8360E+02  0.0000E+00     4.8781E-04  4.8781E-04  4.1287E-09
  3.8368E+02  0.0000E+00     4.7663E-04  4.7663E-04  8.5846E-09
  3.8376E+02  0.0000E+00     4.6584E-04  4.6584E-04 -3.8795E-09
  3.8384E+02  0.0000E+00     4.5526E-04  4.5526E-04  7.8170E-10
  3.8392E+02  0.0000E+00     4.4492E-04  4.4492E-04  5.1125E-09
  3.8400E+02  0.0000E+00     4.3485E-04  4.3485E-04 -6.5173E-09
  3.8408E+02  0.0000E+00     4.2507E-04  4.2507E-04 -2.0750E-09
  3.8416E+02  0.0000E+00     4.1550E-04  4.1550E-04  2.0586E-09
  3.8424E+02  0.0000E+00     4.0614E-04  4.0614E-04  5.8515E-09
  3.8432E+02  0.0000E+00     3.9707E-04  3.9707E-04 -4.6877E-09
  3.8440E+02  0.0000E+00     3.8822E-04  3.8822E-04 -5.1362E-10
  3.8448E+02  0.0000E+00     3.7955E-04  3.7955E-04  3.1101E-09
  3.8456E+02  0.0000E+00     3.7107E-04  3.7107E-04  6.3949E-09
  3.8464E+02  0.0000E+00     3.6289E-04  3.6289E-04 -2.7913E-09
  3.8472E+02  0.0000E+00     3.5488E-04  3.5488E-04  6.5438E-10
  3.8480E+02  0.0000E+00     3.4703E-04  3.4703E-04  3.8212E-09
  3.8488E+02  0.0000E+00     3.3940E-04  3.3940E-04 -4.8886E-09
  3.8496E+02  0.0000E+00     3.3198E-04  3.3198E-04 -1.5484E-09
  3.8504E+02  0.0000E+00     3.2472E-04  3.2472E-04  1.5824E-09
  3.8512E+02  0.0000E+00     3.1762E-04  3.1762E-04  4.4383E-09
  3.8520E+02  0.0000E+00     3.1074E-04  3.1074E-04 -3.4632E-09
  3.8528E+02  0.0000E+00     3.0402E-04  3.0402E-04 -3.7274E-10
  3.8536E+02  0.0000E+00     2.9745E-04  2.9745E-04  2.3061E-09
  3.8544E+02  0.0000E+00     2.9101E-04  2.9101E-04  5.0065E-09
  3.8552E+02  0.0000E+00     2.8481E-04  2.8481E-04 -2.1236E-09
  3.8560E+02  0.0000E+00     2.7872E-04  2.7872E-04  4.4657E-10
  3.8568E+02  0.0000E+00     2.7276E-04  2.7276E-04  3.0974E-09
  3.8576E+02  0.0000E+00     2.6697E-04  2.6697E-04 -3.6563E-09
  3.8584E+02  0.0000E+00     2.6134E-04  2.6134E-04 -1.1797E-09
  3.8592E+02  0.0000E+00     2.5583E-04  2.5583E-04  1.2645E-09
  3.8600E+02  0.0000E+00     2.5044E-04  2.5044E-04  3.2833E-09
  3.8608E+02  0.0000E+00     2.4522E-04  2.4522E-04 -2.5843E-09
  3.8616E+02  0.0000E+00     2.4012E-04  2.4012E-04 -3.1608E-10
  3.8624E+02  0.0000E+00     2.3513E-04  2.3513E-04  1.7800E-09
  3.8632E+02  0.0000E+00     2.3025E-04  2.3025E-04  3.8297E-09
  3.8640E+02  0.0000E+00     2.2554E-04  2.2554E-04 -1.6413E-09
  3.8648E+02  0.0000E+00     2.2093E-04  2.2093E-04  3.7380E-10
  3.8656E+02  0.0000E+00     2.1641E-04  2.1641E-04  2.2397E-09
  3.8664E+02  0.0000E+00     2.1202E-04  2.1202E-04 -2.7943E-09
  3.8672E+02  0.0000E+00     2.0775E-04  2.0775E-04 -8.4605E-10
  3.8680E+02  0.0000E+00     2.0357E-04  2.0357E-04  8.9045E-10
  3.8688E+02  0.0000E+00     1.9948E-04  1.9948E-04  2.7332E-09
  3.8696E+02  0.0000E+00     1.9552E-04  1.9552E-04 -1.9241E-09
  3.8704E+02  0.0000E+00     1.9166E-04  1.9166E-04 -2.5507E-10
  3.8712E+02  0.0000E+00     1.8788E-04  1.8788E-04  1.4459E-09
  3.8720E+02  0.0000E+00     1.8419E-04  1.8419E-04 -2.9239E-09
  3.8728E+02  0.0000E+00     1.8061E-04  1.8061E-04 -1.2840E-09
  3.8736E+02  0.0000E+00     1.7712E-04  1.7712E-04  2.9114E-10
  3.8744E+02  0.0000E+00     1.7370E-04  1.7370E-04  1.7232E-09
  3.8752E+02  0.0000E+00     1.7038E-04  1.7038E-04 -2.1022E-09
  3.8760E+02  0.0000E+00     1.6715E-04  1.6715E-04 -6.4784E-10
  3.8768E+02  0.0000E+00     1.6399E-04  1.6399E-04  7.2927E-10
  3.8776E+02  0.0000E+00     1.6090E-04  1.6090E-04  2.0283E-09
  3.8784E+02  0.0000E+00     1.5791E-04  1.5791E-04 -1.4870E-09
  3.8792E+02  0.0000E+00     1.5499E-04  1.5499E-04 -1.6386E-10
  3.8800E+02  0.0000E+00     1.5214E-04  1.5214E-04  1.0752E-09
  3.8808E+02  0.0000E+00     1.4935E-04  1.4935E-04 -2.2187E-09
  3.8816E+02  0.0000E+00     1.4666E-04  1.4666E-04 -9.4738E-10
  3.8824E+02  0.0000E+00     1.4402E-04  1.4402E-04  2.4205E-10
  3.8832E+02  0.0000E+00     1.4144E-04  1.4144E-04  1.3699E-09
  3.8840E+02  0.0000E+00     1.3894E-04  1.3894E-04 -1.6098E-09
  3.8848E+02  0.0000E+00     1.3651E-04  1.3651E-04 -5.1422E-10
  3.8856E+02  0.0000E+00     1.3413E-04  1.3413E-04  5.6846E-10
  3.8864E+02  0.0000E+00     1.3180E-04  1.3180E-04  1.5555E-09
  3.8872E+02  0.0000E+00     1.2955E-04  1.2955E-04 -1.1294E-09
  3.8880E+02  0.0000E+00     1.2736E-04  1.2736E-04 -1.1971E-10
  3.8888E+02  0.0000E+00     1.2521E-04  1.2521E-04  8.2310E-10
  3.8896E+02  0.0000E+00     1.2312E-04  1.2312E-04 -1.6758E-09
  3.8904E+02  0.0000E+00     1.2109E-04  1.2109E-04 -7.1169E-10
  3.8912E+02  0.0000E+00     1.1911E-04  1.1911E-04  1.9534E-10
  3.8920E+02  0.0000E+00     1.1718E-04  1.1718E-04  1.0598E-09
  3.8928E+02  0.0000E+00     1.1530E-04  1.1530E-04 -1.2308E-09
  3.8936E+02  0.0000E+00     1.1347E-04  1.1347E-04 -3.8565E-10
  3.8944E+02  0.0000E+00     1.1169E-04  1.1169E-04  4.3152E-10
  3.8952E+02  0.0000E+00     1.0994E-04  1.0994E-04  1.1502E-09
  3.8960E+02  0.0000E+00     1.0826E-04  1.0826E-04 -8.4777E-10
  3.8968E+02  0.0000E+00     1.0661E-04  1.0661E-04 -5.8395E-11
  3.8976E+02  0.0000E+00     1.0500E-04  1.0500E-04  6.0601E-10
  3.8984E+02  0.0000E+00     1.0343E-04  1.0343E-04 -1.2483E-09
  3.8992E+02  0.0000E+00     1.0191E-04  1.0191E-04 -5.2320E-10
  3.9000E+02  0.0000E+00     1.0043E-04  1.0043E-04  1.3232E-10
  3.5000E+02  5.0000E-01     3.1873E-04  3.1823E-04 -1.7913E-05
  3.5008E+02  5.0000E-01     3.2453E-04  3.2401E-04 -1.8328E-05
  3.5016E+02  5.0000E-01     3.3046E-04  3.2993E-04 -1.8753E-05
  3.5024E+02  5.0000E-01     3.3652E-04  3.3597E-04 -1.9195E-05
  3.5032E+02  5.0000E-01     3.4273E-04  3.4217E-04 -1.9657E-05
  3.5040E+02  5.0000E-01     3.4910E-04  3.4852E-04 -2.0119E-05
  3.5048E+02  5.0000E-01     3.5560E-04  3.5501E-04 -2.0591E-05
  3.5056E+02  5.0000E-01     3.6227E-04  3.6165E-04 -2.1092E-05
  3.5064E+02  5.0000E-01     3.6910E-04  3.6847E-04 -2.1600E-05
  3.5072E+02  5.0000E-01     3.7609E-04  3.7544E-04 -2.2115E-05
  3.5080E+02  5.0000E-01     3.8324E-04  3.8257E-04 -2.2642E-05
  3.5088E+02  5.0000E-01     3.9057E-04  3.8988E-04 -2.3208E-05
  3.5096E+02  5.0000E-01     3.9809E-04  3.9738E-04 -2.3768E-05
  3.5104E+02  5.0000E-01     4.0578E-04  4.0505E-04 -2.4342E-05
  3.5112E+02  5.0000E-01     4.1365E-04  4.1290E-04 -2.4939E-05
  3.5120E+02  5.0000E-01     4.2173E-04  4.2095E-04 -2.5563E-05
  3.5128E+02  5.0000E-01     4.3001E-04  4.2921E-04 -2.6187E-05
  3.5136E+02  5.0000E-01     4.3848E-04  4.3766E-04 -2.6827E-05
  3.5144E+02  5.0000E-01     4.4716E-04  4.4631E-04 -2.7506E-05
  3.5152E+02  5.0000E-01     4.5607E-04  4.5520E-04 -2.8193E-05
  3.5160E+02  5.0000E-01     4.6520E-04  4.6430E-04 -2.8890E-05
  3.5168E+02  5.0000E-01     4.7454E-04  4.7361E-04 -2.9604E-05
  3.5176E+02  5.0000E-01     4.8414E-04  4.8318E-04 -3.0373E-05
  3.5184E+02  5.0000E-01     4.9398E-04  4.9300E-04 -3.1133E-05
  3.5192E+02  5.0000E-01     5.0406E-04  5.0305E-04 -3.1915E-05
  3.5200E+02  5.0000E-01     5.1439E-04  5.1335E-04 -3.2726E-05
  3.5208E+02  5.0000E-01     5.2499E-04  5.2392E-04 -3.3567E-05
  3.5216E+02  5.0000E-01     5.3588E-04  5.3477E-04 -3.4420E-05
  3.5224E+02  5.0000E-01     5.4701E-04  5.4587E-04 -3.5289E-05
  3.5232E+02  5.0000E-01     5.5844E-04  5.5726E-04 -3.6212E-05
  3.5240E+02  5.0000E-01     5.7018E-04  5.6897E-04 -3.7151E-05
  3.5248E+02  5.0000E-01     5.8220E-04  5.8096E-04 -3.8101E-05
  3.5256E+02  5.0000E-01     5.9452E-04  5.9324E-04 -3.9074E-05
  3.5264E+02  5.0000E-01     6.0720E-04  6.0587E-04 -4.0121E-05
  3.5272E+02  5.0000E-01     6.2021E-04  6.1884E-04 -4.1158E-05
  3.5280E+02  5.0000E-01     6.3353E-04  6.3213E-04 -4.2220E-05
  3.5288E+02  5.0000E-01     6.4721E-04  6.4575E-04 -4.3328E-05
  3.5296E+02  5.0000E-01     6.6126E-04  6.5976E-04 -4.4489E-05
  3.5304E+02  5.0000E-01     6.7568E-04  6.7413E-04 -4.5647E-05
  3.5312E+02  5.0000E-01     6.9045E-04  6.8886E-04 -4.6837E-05
  3.5320E+02  5.0000E-01     7.0562E-04  7.0398E-04 -4.8093E-05
  3.5328E+02  5.0000E-01     7.2123E-04  7.1954E-04 -4.9373E-05
  3.5336E+02  5.0000E-01     7.3723E-04  7.3549E-04 -5.0676E-05
  3.5344E+02  5.0000E-01     7.5362E-04  7.5183E-04 -5.2000E-05
  3.5352E+02  5.0000E-01     7.7050E-04  7.6864E-04 -5.3438E-05
  3.5360E+02  5.0000E-01     7.8784E-04  7.8593E-04 -5.4862E-05
  3.5368E+02  5.0000E-01     8.0560E-04  8.0363E-04 -5.6314E-05
  3.5376E+02  5.0000E-01     8.2384E-04  8.2181E-04 -5.7830E-05
  3.5384E+02  5.0000E-01     8.4261E-04  8.4051E-04 -5.9413E-05
  3.5392E+02  5.0000E-01     8.6187E-04  8.5971E-04 -6.1002E-05
  3.5400E+02  5.0000E-01     8.8162E-04  8.7940E-04 -6.2627E-05
  3.5408E+02  5.0000E-01     9.0191E-04  8.9962E-04 -6.4356E-05
  3.5416E+02  5.0000E-01     9.2280E-04  9.2043E-04 -6.6107E-05
  3.5424E+02  5.0000E-01     9.4423E-04  9.4179E-04 -6.7886E-05
  3.5432E+02  5.0000E-01     9.6621E-04  9.6369E-04 -6.9711E-05
  3.5440E+02  5.0000E-01     9.8882E-04  9.8622E-04 -7.1665E-05
  3.5448E+02  5.0000E-01     1.0121E-03  1.0094E-03 -7.3608E-05
  3.5456E+02  5.0000E-01     1.0359E-03  1.0332E-03 -7.5601E-05
  3.5464E+02  5.0000E-01     1.0604E-03  1.0576E-03 -7.7677E-05
  3.5472E+02  5.0000E-01     1.0857E-03  1.0827E-03 -7.9843E-05
  3.5480E+02  5.0000E-01     1.1115E-03  1.1085E-03 -8.2017E-05
  3.5488E+02  5.0000E-01     1.1381E-03  1.1350E-03 -8.4242E-05
  3.5496E+02  5.0000E-01     1.1654E-03  1.1622E-03 -8.6607E-05
  3.5504E+02  5.0000E-01     1.1935E-03  1.1902E-03 -8.8997E-05
  3.5512E+02  5.0000E-01     1.2224E-03  1.2190E-03 -9.1428E-05
  3.5520E+02  5.0000E-01     1.2520E-03  1.2485E-03 -9.3917E-05
  3.5528E+02  5.0000E-01     1.2825E-03  1.2788E-03 -9.6592E-05
  3.5536E+02  5.0000E-01     1.3138E-03  1.3101E-03 -9.9251E-05
  3.5544E+02  5.0000E-01     1.3460E-03  1.3421E-03 -1.0196E-04
  3.5552E+02  5.0000E-01     1.3790E-03  1.3750E-03 -1.0479E-04
  3.5560E+02  5.0000E-01     1.4131E-03  1.4089E-03 -1.0775E-04
  3.5568E+02  5.0000E-01     1.4480E-03  1.4438E-03 -1.1072E-04
  3.5576E+02  5.0000E-01     1.4839E-03  1.4795E-03 -1.1375E-04
  3.5584E+02  5.0000E-01     1.5208E-03  1.5163E-03 -1.1697E-04
  3.5592E+02  5.0000E-01     1.5588E-03  1.5541E-03 -1.2023E-04
  3.5600E+02  5.0000E-01     1.5978E-03  1.5930E-03 -1.2353E-04
  3.5608E+02  5.0000E-01     1.6378E-03  1.6328E-03 -1.2692E-04
  3.5616E+02  5.0000E-01     1.6790E-03  1.6739E-03 -1.3056E-04
  3.5624E+02  5.0000E-01     1.7214E-03  1.7161E-03 -1.3415E-04
  3.5632E+02  5.0000E-01     1.7649E-03  1.7595E-03 -1.3785E-04
  3.5640E+02  5.0000E-01     1.8095E-03  1.8040E-03 -1.4169E-04
  3.5648E+02  5.0000E-01     1.8555E-03  1.8498E-03 -1.4571E-04
  3.5656E+02  5.0000E-01     1.9028E-03  1.8969E-03 -1.4972E-04
  3.5664E+02  5.0000E-01     1.9513E-03  1.9452E-03 -1.5383E-04
  3.5672E+02  5.0000E-01     2.0012E-03  1.9950E-03 -1.5817E-04
  3.5680E+02  5.0000E-01     2.0526E-03  2.0461E-03 -1.6256E-04
  3.5688E+02  5.0000E-01     2.1053E-03  2.0987E-03 -1.6705E-04
  3.5696E+02  5.0000E-01     2.1594E-03  2.1526E-03 -1.7160E-04
  3.5704E+02  5.0000E-01     2.2152E-03  2.2081E-03 -1.7652E-04
  3.5712E+02  5.0000E-01     2.2725E-03  2.2652E-03 -1.8140E-04
  3.5720E+02  5.0000E-01     2.3313E-03  2.3238E-03 -1.8634E-04
  3.5728E+02  5.0000E-01     2.3917E-03  2.3840E-03 -1.9151E-04
  3.5736E+02  5.0000E-01     2.4539E-03  2.4460E-03 -1.9689E-04
  3.5744E+02  5.0000E-01     2.5178E-03  2.5096E-03 -2.0228E-04
  3.5752E+02  5.0000E-01     2.5833E-03  2.5749E-03 -2.0780E-04
  3.5760E+02  5.0000E-01     2.6507E-03  2.6421E-03 -2.1365E-04
  3.5768E+02  5.0000E-01     2.7201E-03  2.7112E-03 -2.1954E-04
  3.5776E+02  5.0000E-01     2.7913E-03  2.7821E-03 -2.2554E-04
  3.5784E+02  5.0000E-01     2.8643E-03  2.8549E-03 -2.3164E-04
  3.5792E+02  5.0000E-01     2.9395E-03  2.9298E-03 -2.3819E-04
  3.5800E+02  5.0000E-01     3.0168E-03  3.0069E-03 -2.4466E-04
  3.5808E+02  5.0000E-01     3.0962E-03  3.0860E-03 -2.5129E-04
  3.5816E+02  5.0000E-01     3.1777E-03  3.1672E-03 -2.5818E-04
  3.5824E+02  5.0000E-01     3.2615E-03  3.2507E-03 -2.6534E-04
  3.5832E+02  5.0000E-01     3.3476E-03  3.3365E-03 -2.7251E-04
  3.5840E+02  5.0000E-01     3.4358E-03  3.4244E-03 -2.7980E-04
  3.5848E+02  5.0000E-01     3.5266E-03  3.5149E-03 -2.8754E-04
  3.5856E+02  5.0000E-01     3.6200E-03  3.6079E-03 -2.9536E-04
  3.5864E+02  5.0000E-01     3.7158E-03  3.7034E-03 -3.0326E-04
  3.5872E+02  5.0000E-01     3.8140E-03  3.8013E-03 -3.1134E-04
  3.5880E+02  5.0000E-01     3.9151E-03  3.9020E-03 -3.1999E-04
  3.5888E+02  5.0000E-01     4.0189E-03  4.0055E-03 -3.2853E-04
  3.5896E+02  5.0000E-01     4.1254E-03  4.1116E-03 -3.3723E-04
  3.5904E+02  5.0000E-01     4.2347E-03  4.2205E-03 -3.4629E-04
  3.5912E+02  5.0000E-01     4.3471E-03  4.3325E-03 -3.5570E-04
  3.5920E+02  5.0000E-01     4.4625E-03  4.4476E-03 -3.6507E-04
  3.5928E+02  5.0000E-01     4.5808E-03  4.5654E-03 -3.7462E-04
  3.5936E+02  5.0000E-01     4.7022E-03  4.6865E-03 -3.8474E-04
  3.5944E+02  5.0000E-01     4.8272E-03  4.8110E-03 -3.9492E-04
  3.5952E+02  5.0000E-01     4.9552E-03  4.9386E-03 -4.0522E-04
  3.5960E+02  5.0000E-01     5.0864E-03  5.0694E-03 -4.1572E-04
  3.5968E+02  5.0000E-01     5.2214E-03  5.2039E-03 -4.2695E-04
  3.5976E+02  5.0000E-01     5.3599E-03  5.3420E-03 -4.3798E-04
  3.5984E+02  5.0000E-01     5.5019E-03  5.4835E-03 -4.4925E-04
  3.5992E+02  5.0000E-01     5.6474E-03  5.6286E-03 -4.6096E-04
  3.6000E+02  5.0000E-01     5.7970E-03  5.7777E-03 -4.7301E-04
  3.6008E+02  5.0000E-01     5.9505E-03  5.9307E-03 -4.8512E-04
  3.6016E+02  5.0000E-01     6.1076E-03  6.0873E-03 -4.9736E-04
  3.6024E+02  5.0000E-01     6.2688E-03  6.2480E-03 -5.1027E-04
  3.6032E+02  5.0000E-01     6.4345E-03  6.4132E-03 -5.2330E-04
  3.6040E+02  5.0000E-01     6.6040E-03  6.5822E-03 -5.3635E-04
  3.6048E+02  5.0000E-01     6.7776E-03  6.7553E-03 -5.4968E-04
  3.6056E+02  5.0000E-01     6.9560E-03  6.9331E-03 -5.6391E-04
  3.6064E+02  5.0000E-01     7.1388E-03  7.1154E-03 -5.7785E-04
  3.6072E+02  5.0000E-01     7.3260E-03  7.3020E-03 -5.9199E-04
  3.6080E+02  5.0000E-01     7.5177E-03  7.4932E-03 -6.0658E-04
  3.6088E+02  5.0000E-01     7.7146E-03  7.6895E-03 -6.2161E-04
  3.6096E+02  5.0000E-01     7.9161E-03  7.8905E-03 -6.3654E-04
  3.6104E+02  5.0000E-01     8.1223E-03  8.0961E-03 -6.5178E-04
  3.6112E+02  5.0000E-01     8.3335E-03  8.3067E-03 -6.6775E-04
  3.6120E+02  5.0000E-01     8.5501E-03  8.5227E-03 -6.8370E-04
  3.6128E+02  5.0000E-01     8.7716E-03  8.7437E-03 -6.9969E-04
  3.6136E+02  5.0000E-01     8.9981E-03  8.9695E-03 -7.1590E-04
  3.6144E+02  5.0000E-01     9.2302E-03  9.2010E-03 -7.3292E-04
  3.6152E+02  5.0000E-01     9.4679E-03  9.4382E-03 -7.4961E-04
  3.6160E+02  5.0000E-01     9.7105E-03  9.6802E-03 -7.6650E-04
  3.6168E+02  5.0000E-01     9.9587E-03  9.9278E-03 -7.8383E-04
  3.6176E+02  5.0000E-01     1.0213E-02  1.0181E-02 -8.0164E-04
  3.6184E+02  5.0000E-01     1.0472E-02  1.0440E-02 -8.1909E-04
  3.6192E+02  5.0000E-01     1.0737E-02  1.0705E-02 -8.3670E-04
  3.6200E+02  5.0000E-01     1.1008E-02  1.0975E-02 -8.5503E-04
  3.6208E+02  5.0000E-01     1.1286E-02  1.1252E-02 -8.7324E-04
  3.6216E+02  5.0000E-01     1.1568E-02  1.1534E-02 -8.9123E-04
  3.6224E+02  5.0000E-01     1.1857E-02  1.1822E-02 -9.0937E-04
  3.6232E+02  5.0000E-01     1.2151E-02  1.2116E-02 -9.2840E-04
  3.6240E+02  5.0000E-01     1.2452E-02  1.2416E-02 -9.4660E-04
  3.6248E+02  5.0000E-01     1.2758E-02  1.2722E-02 -9.6493E-04
  3.6256E+02  5.0000E-01     1.3070E-02  1.3033E-02 -9.8346E-04
  3.6264E+02  5.0000E-01     1.3389E-02  1.3351E-02 -1.0022E-03
  3.6272E+02  5.0000E-01     1.3713E-02  1.3675E-02 -1.0204E-03
  3.6280E+02  5.0000E-01     1.4043E-02  1.4004E-02 -1.0385E-03
  3.6288E+02  5.0000E-01     1.4378E-02  1.4340E-02 -1.0570E-03
  3.6296E+02  5.0000E-01     1.4720E-02  1.4681E-02 -1.0749E-03
  3.6304E+02  5.0000E-01     1.5068E-02  1.5029E-02 -1.0925E-03
  3.6312E+02  5.0000E-01     1.5421E-02  1.5381E-02 -1.1099E-03
  3.6320E+02  5.0000E-01     1.5780E-02  1.5740E-02 -1.1277E-03
  3.6328E+02  5.0000E-01     1.6145E-02  1.6104E-02 -1.1442E-03
  3.6336E+02  5.0000E-01     1.6514E-02  1.6474E-02 -1.1606E-03
  3.6344E+02  5.0000E-01     1.6889E-02  1.6848E-02 -1.1766E-03
  3.6352E+02  5.0000E-01     1.7269E-02  1.7228E-02 -1.1923E-03
  3.6360E+02  5.0000E-01     1.7655E-02  1.7613E-02 -1.2071E-03
  3.6368E+02  5.0000E-01     1.8044E-02  1.8003E-02 -1.2212E-03
  3.6376E+02  5.0000E-01     1.8438E-02  1.8397E-02 -1.2350E-03
  3.6384E+02  5.0000E-01     1.8837E-02  1.8795E-02 -1.2479E-03
  3.6392E+02  5.0000E-01     1.9239E-02  1.9198E-02 -1.2597E-03
  3.6400E+02  5.0000E-01     1.9645E-02  1.9604E-02 -1.2709E-03
  3.6408E+02  5.0000E-01     2.0055E-02  2.0014E-02 -1.2817E-03
  3.6416E+02  5.0000E-01     2.0468E-02  2.0428E-02 -1.2907E-03
  3.6424E+02  5.0000E-01     2.0884E-02  2.0844E-02 -1.2989E-03
  3.6432E+02  5.0000E-01     2.1303E-02  2.1263E-02 -1.3060E-03
  3.6440E+02  5.0000E-01     2.1723E-02  2.1683E-02 -1.3118E-03
  3.6448E+02  5.0000E-01     2.2145E-02  2.2106E-02 -1.3163E-03
  3.6456E+02  5.0000E-01     2.2569E-02  2.2530E-02 -1.3197E-03
  3.6464E+02  5.0000E-01     2.2993E-02  2.2955E-02 -1.3214E-03
  3.6472E+02  5.0000E-01     2.3418E-02  2.3380E-02 -1.3217E-03
  3.6480E+02  5.0000E-01     2.3843E-02  2.3806E-02 -1.3205E-03
  3.6488E+02  5.0000E-01     2.4267E-02  2.4231E-02 -1.3177E-03
  3.6496E+02  5.0000E-01     2.4690E-02  2.4655E-02 -1.3130E-03
  3.6504E+02  5.0000E-01     2.5111E-02  2.5077E-02 -1.3067E-03
  3.6512E+02  5.0000E-01     2.5530E-02  2.5497E-02 -1.2988E-03
  3.6520E+02  5.0000E-01     2.5946E-02  2.5914E-02 -1.2889E-03
  3.6528E+02  5.0000E-01     2.6358E-02  2.6327E-02 -1.2772E-03
  3.6536E+02  5.0000E-01     2.6767E-02  2.6737E-02 -1.2634E-03
  3.6544E+02  5.0000E-01     2.7171E-02  2.7142E-02 -1.2481E-03
  3.6552E+02  5.0000E-01     2.7570E-02  2.7542E-02 -1.2299E-03
  3.6560E+02  5.0000E-01     2.7962E-02  2.7936E-02 -1.2100E-03
  3.6568E+02  5.0000E-01     2.8348E-02  2.8323E-02 -1.1884E-03
  3.6576E+02  5.0000E-01     2.8727E-02  2.8703E-02 -1.1648E-03
  3.6584E+02  5.0000E-01     2.9097E-02  2.9075E-02 -1.1382E-03
  3.6592E+02  5.0000E-01     2.9459E-02  2.9438E-02 -1.1102E-03
  3.6600E+02  5.0000E-01     2.9812E-02  2.9792E-02 -1.0804E-03
  3.6608E+02  5.0000E-01     3.0154E-02  3.0136E-02 -1.0479E-03
  3.6616E+02  5.0000E-01     3.0486E-02  3.0469E-02 -1.0131E-03
  3.6624E+02  5.0000E-01     3.0806E-02  3.0791E-02 -9.7705E-04
  3.6632E+02  5.0000E-01     3.1115E-02  3.1101E-02 -9.3922E-04
  3.6640E+02  5.0000E-01     3.1411E-02  3.1398E-02 -8.9800E-04
  3.6648E+02  5.0000E-01     3.1693E-02  3.1681E-02 -8.5581E-04
  3.6656E+02  5.0000E-01     3.1961E-02  3.1951E-02 -8.1215E-04
  3.6664E+02  5.0000E-01     3.2216E-02  3.2207E-02 -7.6672E-04
  3.6672E+02  5.0000E-01     3.2455E-02  3.2447E-02 -7.1790E-04
  3.6680E+02  5.0000E-01     3.2678E-02  3.2671E-02 -6.6914E-04
  3.6688E+02  5.0000E-01     3.2886E-02  3.2880E-02 -6.1903E-04
  3.6696E+02  5.0000E-01     3.3077E-02  3.3073E-02 -5.6658E-04
  3.6704E+02  5.0000E-01     3.3251E-02  3.3247E-02 -5.1249E-04
  3.6712E+02  5.0000E-01     3.3407E-02  3.3404E-02 -4.5838E-04
  3.6720E+02  5.0000E-01     3.3546E-02  3.3544E-02 -4.0342E-04
  3.6728E+02  5.0000E-01     3.3667E-02  3.3665E-02 -3.4554E-04
  3.6736E+02  5.0000E-01     3.3768E-02  3.3767E-02 -2.8811E-04
  3.6744E+02  5.0000E-01     3.3852E-02  3.3851E-02 -2.3059E-04
  3.6752E+02  5.0000E-01     3.3918E-02  3.3917E-02 -1.7231E-04
  3.6760E+02  5.0000E-01     3.3963E-02  3.3963E-02 -1.1160E-04
  3.6768E+02  5.0000E-01     3.3989E-02  3.3989E-02 -5.2864E-05
  3.6776E+02  5.0000E-01     3.3997E-02  3.3997E-02  5.9765E-06
  3.6784E+02  5.0000E-01     3.3986E-02  3.3986E-02  6.5871E-05
  3.6792E+02  5.0000E-01     3.3955E-02  3.3954E-02  1.2595E-04
  3.6800E+02  5.0000E-01     3.3904E-02  3.3904E-02  1.8428E-04
  3.6808E+02  5.0000E-01     3.3836E-02  3.3835E-02  2.4222E-04
  3.6816E+02  5.0000E-01     3.3749E-02  3.3747E-02  3.0136E-04
  3.6824E+02  5.0000E-01     3.3642E-02  3.3640E-02  3.5850E-04
  3.6832E+02  5.0000E-01     3.3517E-02  3.3514E-02  4.1419E-04
  3.6840E+02  5.0000E-01     3.3376E-02  3.3372E-02  4.6917E-04
  3.6848E+02  5.0000E-01     3.3215E-02  3.3211E-02  5.2502E-04
  3.6856E+02  5.0000E-01     3.3037E-02  3.3032E-02  5.7727E-04
  3.6864E+02  5.0000E-01     3.2843E-02  3.2837E-02  6.2839E-04
  3.6872E+02  5.0000E-01     3.2633E-02  3.2626E-02  6.7897E-04
  3.6880E+02  5.0000E-01     3.2406E-02  3.2398E-02  7.2833E-04
  3.6888E+02  5.0000E-01     3.2163E-02  3.2154E-02  7.7461E-04
  3.6896E+02  5.0000E-01     3.1907E-02  3.1896E-02  8.1958E-04
  3.6904E+02  5.0000E-01     3.1636E-02  3.1624E-02  8.6395E-04
  3.6912E+02  5.0000E-01     3.1351E-02  3.1338E-02  9.0543E-04
  3.6920E+02  5.0000E-01     3.1053E-02  3.1038E-02  9.4477E-04
  3.6928E+02  5.0000E-01     3.0743E-02  3.0728E-02  9.8236E-04
  3.6936E+02  5.0000E-01     3.0421E-02  3.0404E-02  1.0191E-03
  3.6944E+02  5.0000E-01     3.0087E-02  3.0069E-02  1.0522E-03
  3.6952E+02  5.0000E-01     2.9743E-02  2.9723E-02  1.0836E-03
  3.6960E+02  5.0000E-01     2.9390E-02  2.9369E-02  1.1132E-03
  3.6968E+02  5.0000E-01     2.9027E-02  2.9004E-02  1.1410E-03
  3.6976E+02  5.0000E-01     2.8655E-02  2.8632E-02  1.1661E-03
  3.6984E+02  5.0000E-01     2.8276E-02  2.8251E-02  1.1893E-03
  3.6992E+02  5.0000E-01     2.7891E-02  2.7864E-02  1.2107E-03
  3.7000E+02  5.0000E-01     2.7498E-02  2.7470E-02  1.2297E-03
  3.7008E+02  5.0000E-01     2.7099E-02  2.7071E-02  1.2465E-03
  3.7016E+02  5.0000E-01     2.6696E-02  2.6666E-02  1.2615E-03
  3.7024E+02  5.0000E-01     2.6288E-02  2.6257E-02  1.2751E-03
  3.7032E+02  5.0000E-01     2.5876E-02  2.5844E-02  1.2859E-03
  3.7040E+02  5.0000E-01     2.5461E-02  2.5428E-02  1.2954E-03
  3.7048E+02  5.0000E-01     2.5043E-02  2.5009E-02  1.3028E-03
  3.7056E+02  5.0000E-01     2.4624E-02  2.4589E-02  1.3087E-03
  3.7064E+02  5.0000E-01     2.4202E-02  2.4167E-02  1.3126E-03
  3.7072E+02  5.0000E-01     2.3780E-02  2.3743E-02  1.3150E-03
  3.7080E+02  5.0000E-01     2.3357E-02  2.3320E-02  1.3157E-03
  3.7088E+02  5.0000E-01     2.2934E-02  2.2897E-02  1.3149E-03
  3.7096E+02  5.0000E-01     2.2512E-02  2.2474E-02  1.3127E-03
  3.7104E+02  5.0000E-01     2.2091E-02  2.2052E-02  1.3092E-03
  3.7112E+02  5.0000E-01     2.1671E-02  2.1632E-02  1.3041E-03
  3.7120E+02  5.0000E-01     2.1253E-02  2.1213E-02  1.2979E-03
  3.7128E+02  5.0000E-01     2.0837E-02  2.0797E-02  1.2906E-03
  3.7136E+02  5.0000E-01     2.0424E-02  2.0384E-02  1.2820E-03
  3.7144E+02  5.0000E-01     2.0014E-02  1.9974E-02  1.2723E-03
  3.7152E+02  5.0000E-01     1.9607E-02  1.9567E-02  1.2620E-03
  3.7160E+02  5.0000E-01     1.9204E-02  1.9163E-02  1.2508E-03
  3.7168E+02  5.0000E-01     1.8804E-02  1.8763E-02  1.2382E-03
  3.7176E+02  5.0000E-01     1.8409E-02  1.8368E-02  1.2252E-03
  3.7184E+02  5.0000E-01     1.8018E-02  1.7977E-02  1.2115E-03
  3.7192E+02  5.0000E-01     1.7631E-02  1.7590E-02  1.1971E-03
  3.7200E+02  5.0000E-01     1.7250E-02  1.7209E-02  1.1817E-03
  3.7208E+02  5.0000E-01     1.6873E-02  1.6833E-02  1.1663E-03
  3.7216E+02  5.0000E-01     1.6501E-02  1.6461E-02  1.1504E-03
  3.7224E+02  5.0000E-01     1.6135E-02  1.6095E-02  1.1338E-03
  3.7232E+02  5.0000E-01     1.5774E-02  1.5734E-02  1.1167E-03
  3.7240E+02  5.0000E-01     1.5418E-02  1.5379E-02  1.0995E-03
  3.7248E+02  5.0000E-01     1.5068E-02  1.5029E-02  1.0823E-03
  3.7256E+02  5.0000E-01     1.4724E-02  1.4685E-02  1.0641E-03
  3.7264E+02  5.0000E-01     1.4386E-02  1.4348E-02  1.0462E-03
  3.7272E+02  5.0000E-01     1.4053E-02  1.4016E-02  1.0284E-03
  3.7280E+02  5.0000E-01     1.3726E-02  1.3689E-02  1.0103E-03
  3.7288E+02  5.0000E-01     1.3405E-02  1.3369E-02  9.9138E-04
  3.7296E+02  5.0000E-01     1.3091E-02  1.3054E-02  9.7328E-04
  3.7304E+02  5.0000E-01     1.2782E-02  1.2746E-02  9.5497E-04
  3.7312E+02  5.0000E-01     1.2478E-02  1.2443E-02  9.3642E-04
  3.7320E+02  5.0000E-01     1.2181E-02  1.2147E-02  9.1796E-04
  3.7328E+02  5.0000E-01     1.1890E-02  1.1856E-02  8.9989E-04
  3.7336E+02  5.0000E-01     1.1605E-02  1.1571E-02  8.8190E-04
  3.7344E+02  5.0000E-01     1.1325E-02  1.1292E-02  8.6335E-04
  3.7352E+02  5.0000E-01     1.1051E-02  1.1019E-02  8.4543E-04
  3.7360E+02  5.0000E-01     1.0783E-02  1.0752E-02  8.2773E-04
  3.7368E+02  5.0000E-01     1.0521E-02  1.0489E-02  8.1019E-04
  3.7376E+02  5.0000E-01     1.0264E-02  1.0233E-02  7.9230E-04
  3.7384E+02  5.0000E-01     1.0013E-02  9.9831E-03  7.7514E-04
  3.7392E+02  5.0000E-01     9.7674E-03  9.7379E-03  7.5831E-04
  3.7400E+02  5.0000E-01     9.5272E-03  9.4983E-03  7.4125E-04
  3.7408E+02  5.0000E-01     9.2926E-03  9.2643E-03  7.2439E-04
  3.7416E+02  5.0000E-01     9.0633E-03  9.0356E-03  7.0816E-04
  3.7424E+02  5.0000E-01     8.8390E-03  8.8118E-03  6.9211E-04
  3.7432E+02  5.0000E-01     8.6198E-03  8.5932E-03  6.7588E-04
  3.7440E+02  5.0000E-01     8.4061E-03  8.3801E-03  6.6026E-04
  3.7448E+02  5.0000E-01     8.1972E-03  8.1717E-03  6.4505E-04
  3.7456E+02  5.0000E-01     7.9928E-03  7.9679E-03  6.2995E-04
  3.7464E+02  5.0000E-01     7.7935E-03  7.7693E-03  6.1469E-04
  3.7472E+02  5.0000E-01     7.5993E-03  7.5756E-03  6.0026E-04
  3.7480E+02  5.0000E-01     7.4093E-03  7.3861E-03  5.8605E-04
  3.7488E+02  5.0000E-01     7.2238E-03  7.2011E-03  5.7192E-04
  3.7496E+02  5.0000E-01     7.0430E-03  7.0209E-03  5.5799E-04
  3.7504E+02  5.0000E-01     6.8666E-03  6.8449E-03  5.4461E-04
  3.7512E+02  5.0000E-01     6.6942E-03  6.6731E-03  5.3151E-04
  3.7520E+02  5.0000E-01     6.5261E-03  6.5055E-03  5.1825E-04
  3.7528E+02  5.0000E-01     6.3624E-03  6.3423E-03  5.0560E-04
  3.7536E+02  5.0000E-01     6.2026E-03  6.1830E-03  4.9332E-04
  3.7544E+02  5.0000E-01     6.0465E-03  6.0273E-03  4.8120E-04
  3.7552E+02  5.0000E-01     5.8944E-03  5.8758E-03  4.6899E-04
  3.7560E+02  5.0000E-01     5.7464E-03  5.7282E-03  4.5750E-04
  3.7568E+02  5.0000E-01     5.6017E-03  5.5839E-03  4.4623E-04
  3.7576E+02  5.0000E-01     5.4606E-03  5.4432E-03  4.3504E-04
  3.7584E+02  5.0000E-01     5.3232E-03  5.3063E-03  4.2405E-04
  3.7592E+02  5.0000E-01     5.1892E-03  5.1727E-03  4.1357E-04
  3.7600E+02  5.0000E-01     5.0584E-03  5.0423E-03  4.0328E-04
  3.7608E+02  5.0000E-01     4.9310E-03  4.9153E-03  3.9291E-04
  3.7616E+02  5.0000E-01     4.8069E-03  4.7916E-03  3.8306E-04
  3.7624E+02  5.0000E-01     4.6859E-03  4.6710E-03  3.7354E-04
  3.7632E+02  5.0000E-01     4.5677E-03  4.5532E-03  3.6413E-04
  3.7640E+02  5.0000E-01     4.4527E-03  4.4385E-03  3.5466E-04
  3.7648E+02  5.0000E-01     4.3407E-03  4.3269E-03  3.4581E-04
  3.7656E+02  5.0000E-01     4.2314E-03  4.2180E-03  3.3711E-04
  3.7664E+02  5.0000E-01     4.1248E-03  4.1117E-03  3.2849E-04
  3.7672E+02  5.0000E-01     4.0211E-03  4.0084E-03  3.2011E-04
  3.7680E+02  5.0000E-01     3.9201E-03  3.9076E-03  3.1205E-04
  3.7688E+02  5.0000E-01     3.8214E-03  3.8093E-03  3.0418E-04
  3.7696E+02  5.0000E-01     3.7253E-03  3.7135E-03  2.9626E-04
  3.7704E+02  5.0000E-01     3.6318E-03  3.6203E-03  2.8873E-04
  3.7712E+02  5.0000E-01     3.5406E-03  3.5294E-03  2.8145E-04
  3.7720E+02  5.0000E-01     3.4516E-03  3.4407E-03  2.7432E-04
  3.7728E+02  5.0000E-01     3.3650E-03  3.3544E-03  2.6713E-04
  3.7736E+02  5.0000E-01     3.2807E-03  3.2704E-03  2.6043E-04
  3.7744E+02  5.0000E-01     3.1984E-03  3.1884E-03  2.5385E-04
  3.7752E+02  5.0000E-01     3.1182E-03  3.1084E-03  2.4730E-04
  3.7760E+02  5.0000E-01     3.0401E-03  3.0305E-03  2.4089E-04
  3.7768E+02  5.0000E-01     2.9641E-03  2.9547E-03  2.3482E-04
  3.7776E+02  5.0000E-01     2.8898E-03  2.8807E-03  2.2884E-04
  3.7784E+02  5.0000E-01     2.8175E-03  2.8087E-03  2.2289E-04
  3.7792E+02  5.0000E-01     2.7471E-03  2.7385E-03  2.1723E-04
  3.7800E+02  5.0000E-01     2.6786E-03  2.6702E-03  2.1173E-04
  3.7808E+02  5.0000E-01     2.6116E-03  2.6035E-03  2.0634E-04
  3.7816E+02  5.0000E-01     2.5464E-03  2.5385E-03  2.0092E-04
  3.7824E+02  5.0000E-01     2.4831E-03  2.4753E-03  1.9585E-04
  3.7832E+02  5.0000E-01     2.4212E-03  2.4136E-03  1.9088E-04
  3.7840E+02  5.0000E-01     2.3608E-03  2.3535E-03  1.8596E-04
  3.7848E+02  5.0000E-01     2.3022E-03  2.2950E-03  1.8116E-04
  3.7856E+02  5.0000E-01     2.2450E-03  2.2380E-03  1.7658E-04
  3.7864E+02  5.0000E-01     2.1891E-03  2.1824E-03  1.7211E-04
  3.7872E+02  5.0000E-01     2.1348E-03  2.1282E-03  1.6760E-04
  3.7880E+02  5.0000E-01     2.0819E-03  2.0755E-03  1.6334E-04
  3.7888E+02  5.0000E-01     2.0303E-03  2.0240E-03  1.5921E-04
  3.7896E+02  5.0000E-01     1.9800E-03  1.9739E-03  1.5515E-04
  3.7904E+02  5.0000E-01     1.9309E-03  1.9250E-03  1.5108E-04
  3.7912E+02  5.0000E-01     1.8833E-03  1.8775E-03  1.4728E-04
  3.7920E+02  5.0000E-01     1.8368E-03  1.8311E-03  1.4356E-04
  3.7928E+02  5.0000E-01     1.7914E-03  1.7859E-03  1.3986E-04
  3.7936E+02  5.0000E-01     1.7472E-03  1.7419E-03  1.3626E-04
  3.7944E+02  5.0000E-01     1.7042E-03  1.6990E-03  1.3282E-04
  3.7952E+02  5.0000E-01     1.6622E-03  1.6572E-03  1.2945E-04
  3.7960E+02  5.0000E-01     1.6214E-03  1.6164E-03  1.2607E-04
  3.7968E+02  5.0000E-01     1.5816E-03  1.5768E-03  1.2288E-04
  3.7976E+02  5.0000E-01     1.5428E-03  1.5381E-03  1.1978E-04
  3.7984E+02  5.0000E-01     1.5049E-03  1.5004E-03  1.1673E-04
  3.7992E+02  5.0000E-01     1.4680E-03  1.4636E-03  1.1369E-04
  3.8000E+02  5.0000E-01     1.4321E-03  1.4279E-03  1.1083E-04
  3.8008E+02  5.0000E-01     1.3971E-03  1.3929E-03  1.0803E-04
  3.8016E+02  5.0000E-01     1.3630E-03  1.3589E-03  1.0525E-04
  3.8024E+02  5.0000E-01     1.3297E-03  1.3258E-03  1.0256E-04
  3.8032E+02  5.0000E-01     1.2974E-03  1.2935E-03  9.9977E-05
  3.8040E+02  5.0000E-01     1.2657E-03  1.2620E-03  9.7459E-05
  3.8048E+02  5.0000E-01     1.2350E-03  1.2313E-03  9.4927E-05
  3.8056E+02  5.0000E-01     1.2050E-03  1.2015E-03  9.2512E-05
  3.8064E+02  5.0000E-01     1.1758E-03  1.1723E-03  9.0191E-05
  3.8072E+02  5.0000E-01     1.1473E-03  1.1439E-03  8.7909E-05
  3.8080E+02  5.0000E-01     1.1195E-03  1.1163E-03  8.5625E-05
  3.8088E+02  5.0000E-01     1.0925E-03  1.0893E-03  8.3484E-05
  3.8096E+02  5.0000E-01     1.0661E-03  1.0630E-03  8.1387E-05
  3.8104E+02  5.0000E-01     1.0404E-03  1.0374E-03  7.9298E-05
  3.8112E+02  5.0000E-01     1.0154E-03  1.0124E-03  7.7268E-05
  3.8120E+02  5.0000E-01     9.9098E-04  9.8811E-04  7.5337E-05
  3.8128E+02  5.0000E-01     9.6716E-04  9.6437E-04  7.3437E-05
  3.8136E+02  5.0000E-01     9.4395E-04  9.4123E-04  7.1543E-05
  3.8144E+02  5.0000E-01     9.2139E-04  9.1874E-04  6.9748E-05
  3.8152E+02  5.0000E-01     8.9936E-04  8.9679E-04  6.7999E-05
  3.8160E+02  5.0000E-01     8.7786E-04  8.7535E-04  6.6281E-05
  3.8168E+02  5.0000E-01     8.5692E-04  8.5448E-04  6.4564E-05
  3.8176E+02  5.0000E-01     8.3654E-04  8.3417E-04  6.2952E-05
  3.8184E+02  5.0000E-01     8.1664E-04  8.1433E-04  6.1384E-05
  3.8192E+02  5.0000E-01     7.9724E-04  7.9499E-04  5.9822E-05
  3.8200E+02  5.0000E-01     7.7836E-04  7.7617E-04  5.8299E-05
  3.8208E+02  5.0000E-01     7.5995E-04  7.5782E-04  5.6851E-05
  3.8216E+02  5.0000E-01     7.4197E-04  7.3990E-04  5.5428E-05
  3.8224E+02  5.0000E-01     7.2446E-04  7.2244E-04  5.4001E-05
  3.8232E+02  5.0000E-01     7.0742E-04  7.0546E-04  5.2649E-05
  3.8240E+02  5.0000E-01     6.9079E-04  6.8888E-04  5.1340E-05
  3.8248E+02  5.0000E-01     6.7455E-04  6.7270E-04  5.0051E-05
  3.8256E+02  5.0000E-01     6.5875E-04  6.5695E-04  4.8763E-05
  3.8264E+02  5.0000E-01     6.4336E-04  6.4160E-04  4.7556E-05
  3.8272E+02  5.0000E-01     6.2833E-04  6.2662E-04  4.6371E-05
  3.8280E+02  5.0000E-01     6.1367E-04  6.1201E-04  4.5195E-05
  3.8288E+02  5.0000E-01     5.9941E-04  5.9779E-04  4.4055E-05
  3.8296E+02  5.0000E-01     5.8549E-04  5.8392E-04  4.2964E-05
  3.8304E+02  5.0000E-01     5.7191E-04  5.7037E-04  4.1897E-05
  3.8312E+02  5.0000E-01     5.5867E-04  5.5717E-04  4.0823E-05
  3.8320E+02  5.0000E-01     5.4578E-04  5.4433E-04  3.9811E-05
  3.8328E+02  5.0000E-01     5.3321E-04  5.3179E-04  3.8826E-05
  3.8336E+02  5.0000E-01     5.2092E-04  5.1955E-04  3.7854E-05
  3.8344E+02  5.0000E-01     5.0897E-04  5.0763E-04  3.6890E-05
  3.8352E+02  5.0000E-01     4.9733E-04  4.9603E-04  3.5980E-05
  3.8360E+02  5.0000E-01     4.8596E-04  4.8469E-04  3.5091E-05
  3.8368E+02  5.0000E-01     4.7487E-04  4.7364E-04  3.4209E-05
  3.8376E+02  5.0000E-01     4.6408E-04  4.6288E-04  3.3348E-05
  3.8384E+02  5.0000E-01     4.5354E-04  4.5237E-04  3.2528E-05
  3.8392E+02  5.0000E-01     4.4326E-04  4.4212E-04  3.1724E-05
  3.8400E+02  5.0000E-01     4.3323E-04  4.3212E-04  3.0916E-05
  3.8408E+02  5.0000E-01     4.2347E-04  4.2239E-04  3.0152E-05
  3.8416E+02  5.0000E-01     4.1394E-04  4.1289E-04  2.9412E-05
  3.8424E+02  5.0000E-01     4.0464E-04  4.0362E-04  2.8683E-05
  3.8432E+02  5.0000E-01     3.9558E-04  3.9459E-04  2.7956E-05
  3.8440E+02  5.0000E-01     3.8675E-04  3.8579E-04  2.7273E-05
  3.8448E+02  5.0000E-01     3.7813E-04  3.7719E-04  2.6600E-05
  3.8456E+02  5.0000E-01     3.6972E-04  3.6881E-04  2.5930E-05
  3.8464E+02  5.0000E-01     3.6154E-04  3.6065E-04  2.5284E-05
  3.8472E+02  5.0000E-01     3.5355E-04  3.5269E-04  2.4664E-05
  3.8480E+02  5.0000E-01     3.4575E-04  3.4492E-04  2.4059E-05
  3.8488E+02  5.0000E-01     3.3816E-04  3.3734E-04  2.3450E-05
  3.8496E+02  5.0000E-01     3.3075E-04  3.2996E-04  2.2875E-05
  3.8504E+02  5.0000E-01     3.2353E-04  3.2275E-04  2.2314E-05
  3.8512E+02  5.0000E-01     3.1647E-04  3.1572E-04  2.1761E-05
  3.8520E+02  5.0000E-01     3.0959E-04  3.0886E-04  2.1211E-05
  3.8528E+02  5.0000E-01     3.0289E-04  3.0219E-04  2.0691E-05
  3.8536E+02  5.0000E-01     2.9635E-04  2.9566E-04  2.0187E-05
  3.8544E+02  5.0000E-01     2.8997E-04  2.8930E-04  1.9680E-05
  3.8552E+02  5.0000E-01     2.8376E-04  2.8311E-04  1.9190E-05
  3.8560E+02  5.0000E-01     2.7769E-04  2.7706E-04  1.8721E-05
  3.8568E+02  5.0000E-01     2.7177E-04  2.7116E-04  1.8260E-05
  3.8576E+02  5.0000E-01     2.6600E-04  2.6541E-04  1.7796E-05
  3.8584E+02  5.0000E-01     2.6038E-04  2.5980E-04  1.7360E-05
  3.8592E+02  5.0000E-01     2.5490E-04  2.5434E-04  1.6934E-05
  3.8600E+02  5.0000E-01     2.4954E-04  2.4900E-04  1.6516E-05
  3.8608E+02  5.0000E-01     2.4433E-04  2.4380E-04  1.6100E-05
  3.8616E+02  5.0000E-01     2.3925E-04  2.3873E-04  1.5705E-05
  3.8624E+02  5.0000E-01     2.3428E-04  2.3378E-04  1.5319E-05
  3.8632E+02  5.0000E-01     2.2944E-04  2.2895E-04  1.4933E-05
  3.8640E+02  5.0000E-01     2.2472E-04  2.2425E-04  1.4560E-05
  3.8648E+02  5.0000E-01     2.2012E-04  2.1967E-04  1.4202E-05
  3.8656E+02  5.0000E-01     2.1563E-04  2.1518E-04  1.3853E-05
  3.8664E+02  5.0000E-01     2.1125E-04  2.1082E-04  1.3499E-05
  3.8672E+02  5.0000E-01     2.0699E-04  2.0657E-04  1.3166E-05
  3.8680E+02  5.0000E-01     2.0283E-04  2.0243E-04  1.2841E-05
  3.8688E+02  5.0000E-01     1.9877E-04  1.9838E-04  1.2521E-05
  3.8696E+02  5.0000E-01     1.9482E-04  1.9443E-04  1.2201E-05
  3.8704E+02  5.0000E-01     1.9097E-04  1.9059E-04  1.1900E-05
  3.8712E+02  5.0000E-01     1.8721E-04  1.8685E-04  1.1605E-05
  3.8720E+02  5.0000E-01     1.8354E-04  1.8319E-04  1.1310E-05
  3.8728E+02  5.0000E-01     1.7997E-04  1.7963E-04  1.1024E-05
  3.8736E+02  5.0000E-01     1.7648E-04  1.7616E-04  1.0751E-05
  3.8744E+02  5.0000E-01     1.7308E-04  1.7277E-04  1.0483E-05
  3.8752E+02  5.0000E-01     1.6977E-04  1.6946E-04  1.0212E-05
  3.8760E+02  5.0000E-01     1.6655E-04  1.6625E-04  9.9566E-06
  3.8768E+02  5.0000E-01     1.6340E-04  1.6312E-04  9.7078E-06
  3.8776E+02  5.0000E-01     1.6033E-04  1.6005E-04  9.4624E-06
  3.8784E+02  5.0000E-01     1.5735E-04  1.5708E-04  9.2171E-06
  3.8792E+02  5.0000E-01     1.5444E-04  1.5417E-04  8.9863E-06
  3.8800E+02  5.0000E-01     1.5160E-04  1.5134E-04  8.7598E-06
  3.8808E+02  5.0000E-01     1.4883E-04  1.4858E-04  8.5335E-06
  3.8816E+02  5.0000E-01     1.4614E-04  1.4590E-04  8.3155E-06
  3.8824E+02  5.0000E-01     1.4351E-04  1.4328E-04  8.1057E-06
  3.8832E+02  5.0000E-01     1.4095E-04  1.4073E-04  7.9008E-06
  3.8840E+02  5.0000E-01     1.3845E-04  1.3824E-04  7.6933E-06
  3.8848E+02  5.0000E-01     1.3603E-04  1.3582E-04  7.4974E-06
  3.8856E+02  5.0000E-01     1.3366E-04  1.3346E-04  7.3074E-06
  3.8864E+02  5.0000E-01     1.3135E-04  1.3115E-04  7.1198E-06
  3.8872E+02  5.0000E-01     1.2910E-04  1.2892E-04  6.9325E-06
  3.8880E+02  5.0000E-01     1.2691E-04  1.2673E-04  6.7566E-06
  3.8888E+02  5.0000E-01     1.2478E-04  1.2461E-04  6.5842E-06
  3.8896E+02  5.0000E-01     1.2270E-04  1.2253E-04  6.4118E-06
  3.8904E+02  5.0000E-01     1.2068E-04  1.2052E-04  6.2450E-06
  3.8912E+02  5.0000E-01     1.1871E-04  1.1855E-04  6.0858E-06
  3.8920E+02  5.0000E-01     1.1678E-04  1.1663E-04  5.9288E-06
  3.8928E+02  5.0000E-01     1.1491E-04  1.1477E-04  5.7714E-06
  3.8936E+02  5.0000E-01     1.1309E-04  1.1295E-04  5.6239E-06
  3.8944E+02  5.0000E-01     1.1132E-04  1.1118E-04  5.4794E-06
  3.8952E+02  5.0000E-01     1.0959E-04  1.0946E-04  5.3380E-06
  3.8960E+02  5.0000E-01     1.0790E-04  1.0778E-04  5.1973E-06
  3.8968E+02  5.0000E-01     1.0626E-04  1.0614E-04  5.0642E-06
  3.8976E+02  5.0000E-01     1.0466E-04  1.0455E-04  4.9345E-06
  3.8984E+02  5.0000E-01     1.0310E-04  1.0299E-04  4.8053E-06
  3.8992E+02  5.0000E-01     1.0159E-04  1.0148E-04  4.6801E-06
  3.9000E+02  5.0000E-01     1.0011E-04  1.0001E-04  4.5611E-06
  3.5000E+02  1.0000E+00     3.1637E-04  3.1438E-04 -3.5493E-05
  3.5008E+02  1.0000E+00     3.2210E-04  3.2005E-04 -3.6321E-05
  3.5016E+02  1.0000E+00     3.2797E-04  3.2585E-04 -3.7161E-05
  3.5024E+02  1.0000E+00     3.3397E-04  3.3180E-04 -3.8037E-05
  3.5032E+02  1.0000E+00     3.4011E-04  3.3788E-04 -3.8946E-05
  3.5040E+02  1.0000E+00     3.4640E-04  3.4410E-04 -3.9866E-05
  3.5048E+02  1.0000E+00     3.5284E-04  3.5047E-04 -4.0803E-05
  3.5056E+02  1.0000E+00     3.5944E-04  3.5700E-04 -4.1784E-05
  3.5064E+02  1.0000E+00     3.6618E-04  3.6368E-04 -4.2788E-05
  3.5072E+02  1.0000E+00     3.7309E-04  3.7051E-04 -4.3809E-05
  3.5080E+02  1.0000E+00     3.8018E-04  3.7752E-04 -4.4863E-05
  3.5088E+02  1.0000E+00     3.8743E-04  3.8469E-04 -4.5960E-05
  3.5096E+02  1.0000E+00     3.9484E-04  3.9203E-04 -4.7074E-05
  3.5104E+02  1.0000E+00     4.0244E-04  3.9955E-04 -4.8206E-05
  3.5112E+02  1.0000E+00     4.1024E-04  4.0726E-04 -4.9390E-05
  3.5120E+02  1.0000E+00     4.1822E-04  4.1514E-04 -5.0619E-05
  3.5128E+02  1.0000E+00     4.2640E-04  4.2324E-04 -5.1856E-05
  3.5136E+02  1.0000E+00     4.3477E-04  4.3152E-04 -5.3122E-05
  3.5144E+02  1.0000E+00     4.4337E-04  4.4001E-04 -5.4455E-05
  3.5152E+02  1.0000E+00     4.5217E-04  4.4871E-04 -5.5820E-05
  3.5160E+02  1.0000E+00     4.6118E-04  4.5762E-04 -5.7199E-05
  3.5168E+02  1.0000E+00     4.7043E-04  4.6677E-04 -5.8623E-05
  3.5176E+02  1.0000E+00     4.7992E-04  4.7614E-04 -6.0108E-05
  3.5184E+02  1.0000E+00     4.8963E-04  4.8573E-04 -6.1622E-05
  3.5192E+02  1.0000E+00     4.9959E-04  4.9558E-04 -6.3169E-05
  3.5200E+02  1.0000E+00     5.0982E-04  5.0569E-04 -6.4781E-05
  3.5208E+02  1.0000E+00     5.2029E-04  5.1603E-04 -6.6440E-05
  3.5216E+02  1.0000E+00     5.3103E-04  5.2664E-04 -6.8122E-05
  3.5224E+02  1.0000E+00     5.4204E-04  5.3752E-04 -6.9841E-05
  3.5232E+02  1.0000E+00     5.5334E-04  5.4868E-04 -7.1656E-05
  3.5240E+02  1.0000E+00     5.6492E-04  5.6012E-04 -7.3516E-05
  3.5248E+02  1.0000E+00     5.7681E-04  5.7186E-04 -7.5400E-05
  3.5256E+02  1.0000E+00     5.8901E-04  5.8391E-04 -7.7345E-05
  3.5264E+02  1.0000E+00     6.0152E-04  5.9627E-04 -7.9368E-05
  3.5272E+02  1.0000E+00     6.1436E-04  6.0893E-04 -8.1432E-05
  3.5280E+02  1.0000E+00     6.2752E-04  6.2193E-04 -8.3534E-05
  3.5288E+02  1.0000E+00     6.4105E-04  6.3529E-04 -8.5731E-05
  3.5296E+02  1.0000E+00     6.5492E-04  6.4898E-04 -8.7996E-05
  3.5304E+02  1.0000E+00     6.6915E-04  6.6303E-04 -9.0297E-05
  3.5312E+02  1.0000E+00     6.8376E-04  6.7745E-04 -9.2656E-05
  3.5320E+02  1.0000E+00     6.9877E-04  6.9226E-04 -9.5131E-05
  3.5328E+02  1.0000E+00     7.1415E-04  7.0744E-04 -9.7657E-05
  3.5336E+02  1.0000E+00     7.2996E-04  7.2304E-04 -1.0024E-04
  3.5344E+02  1.0000E+00     7.4620E-04  7.3907E-04 -1.0291E-04
  3.5352E+02  1.0000E+00     7.6287E-04  7.5551E-04 -1.0569E-04
  3.5360E+02  1.0000E+00     7.7996E-04  7.7237E-04 -1.0850E-04
  3.5368E+02  1.0000E+00     7.9751E-04  7.8969E-04 -1.1138E-04
  3.5376E+02  1.0000E+00     8.1556E-04  8.0750E-04 -1.1438E-04
  3.5384E+02  1.0000E+00     8.3406E-04  8.2575E-04 -1.1749E-04
  3.5392E+02  1.0000E+00     8.5308E-04  8.4451E-04 -1.2064E-04
  3.5400E+02  1.0000E+00     8.7261E-04  8.6377E-04 -1.2387E-04
  3.5408E+02  1.0000E+00     8.9269E-04  8.8357E-04 -1.2726E-04
  3.5416E+02  1.0000E+00     9.1328E-04  9.0387E-04 -1.3072E-04
  3.5424E+02  1.0000E+00     9.3445E-04  9.2476E-04 -1.3424E-04
  3.5432E+02  1.0000E+00     9.5621E-04  9.4621E-04 -1.3790E-04
  3.5440E+02  1.0000E+00     9.7854E-04  9.6823E-04 -1.4170E-04
  3.5448E+02  1.0000E+00     1.0015E-03  9.9086E-04 -1.4557E-04
  3.5456E+02  1.0000E+00     1.0251E-03  1.0141E-03 -1.4951E-04
  3.5464E+02  1.0000E+00     1.0493E-03  1.0380E-03 -1.5363E-04
  3.5472E+02  1.0000E+00     1.0742E-03  1.0625E-03 -1.5787E-04
  3.5480E+02  1.0000E+00     1.0998E-03  1.0877E-03 -1.6219E-04
  3.5488E+02  1.0000E+00     1.1260E-03  1.1136E-03 -1.6661E-04
  3.5496E+02  1.0000E+00     1.1530E-03  1.1402E-03 -1.7124E-04
  3.5504E+02  1.0000E+00     1.1808E-03  1.1676E-03 -1.7597E-04
  3.5512E+02  1.0000E+00     1.2093E-03  1.1957E-03 -1.8079E-04
  3.5520E+02  1.0000E+00     1.2386E-03  1.2246E-03 -1.8577E-04
  3.5528E+02  1.0000E+00     1.2687E-03  1.2542E-03 -1.9096E-04
  3.5536E+02  1.0000E+00     1.2996E-03  1.2847E-03 -1.9625E-04
  3.5544E+02  1.0000E+00     1.3314E-03  1.3161E-03 -2.0164E-04
  3.5552E+02  1.0000E+00     1.3642E-03  1.3483E-03 -2.0727E-04
  3.5560E+02  1.0000E+00     1.3977E-03  1.3814E-03 -2.1307E-04
  3.5568E+02  1.0000E+00     1.4323E-03  1.4154E-03 -2.1895E-04
  3.5576E+02  1.0000E+00     1.4678E-03  1.4504E-03 -2.2498E-04
  3.5584E+02  1.0000E+00     1.5043E-03  1.4864E-03 -2.3131E-04
  3.5592E+02  1.0000E+00     1.5418E-03  1.5233E-03 -2.3777E-04
  3.5600E+02  1.0000E+00     1.5803E-03  1.5613E-03 -2.4432E-04
  3.5608E+02  1.0000E+00     1.6199E-03  1.6004E-03 -2.5109E-04
  3.5616E+02  1.0000E+00     1.6607E-03  1.6405E-03 -2.5814E-04
  3.5624E+02  1.0000E+00     1.7025E-03  1.6817E-03 -2.6536E-04
  3.5632E+02  1.0000E+00     1.7455E-03  1.7240E-03 -2.7268E-04
  3.5640E+02  1.0000E+00     1.7897E-03  1.7677E-03 -2.8031E-04
  3.5648E+02  1.0000E+00     1.8352E-03  1.8125E-03 -2.8819E-04
  3.5656E+02  1.0000E+00     1.8819E-03  1.8585E-03 -2.9614E-04
  3.5664E+02  1.0000E+00     1.9299E-03  1.9058E-03 -3.0429E-04
  3.5672E+02  1.0000E+00     1.9794E-03  1.9545E-03 -3.1288E-04
  3.5680E+02  1.0000E+00     2.0301E-03  2.0044E-03 -3.2162E-04
  3.5688E+02  1.0000E+00     2.0822E-03  2.0558E-03 -3.3047E-04
  3.5696E+02  1.0000E+00     2.1359E-03  2.1087E-03 -3.3964E-04
  3.5704E+02  1.0000E+00     2.1910E-03  2.1630E-03 -3.4919E-04
  3.5712E+02  1.0000E+00     2.2477E-03  2.2188E-03 -3.5888E-04
  3.5720E+02  1.0000E+00     2.3058E-03  2.2762E-03 -3.6873E-04
  3.5728E+02  1.0000E+00     2.3657E-03  2.3352E-03 -3.7902E-04
  3.5736E+02  1.0000E+00     2.4272E-03  2.3957E-03 -3.8962E-04
  3.5744E+02  1.0000E+00     2.4904E-03  2.4580E-03 -4.0033E-04
  3.5752E+02  1.0000E+00     2.5553E-03  2.5220E-03 -4.1129E-04
  3.5760E+02  1.0000E+00     2.6222E-03  2.5878E-03 -4.2278E-04
  3.5768E+02  1.0000E+00     2.6907E-03  2.6554E-03 -4.3449E-04
  3.5776E+02  1.0000E+00     2.7612E-03  2.7248E-03 -4.4638E-04
  3.5784E+02  1.0000E+00     2.8337E-03  2.7963E-03 -4.5869E-04
  3.5792E+02  1.0000E+00     2.9081E-03  2.8697E-03 -4.7143E-04
  3.5800E+02  1.0000E+00     2.9846E-03  2.9450E-03 -4.8434E-04
  3.5808E+02  1.0000E+00     3.0631E-03  3.0225E-03 -4.9749E-04
  3.5816E+02  1.0000E+00     3.1440E-03  3.1021E-03 -5.1121E-04
  3.5824E+02  1.0000E+00     3.2269E-03  3.1838E-03 -5.2532E-04
  3.5832E+02  1.0000E+00     3.3122E-03  3.2679E-03 -5.3956E-04
  3.5840E+02  1.0000E+00     3.3997E-03  3.3542E-03 -5.5413E-04
  3.5848E+02  1.0000E+00     3.4897E-03  3.4430E-03 -5.6938E-04
  3.5856E+02  1.0000E+00     3.5820E-03  3.5340E-03 -5.8491E-04
  3.5864E+02  1.0000E+00     3.6769E-03  3.6275E-03 -6.0064E-04
  3.5872E+02  1.0000E+00     3.7745E-03  3.7238E-03 -6.1693E-04
  3.5880E+02  1.0000E+00     3.8747E-03  3.8225E-03 -6.3379E-04
  3.5888E+02  1.0000E+00     3.9775E-03  3.9239E-03 -6.5084E-04
  3.5896E+02  1.0000E+00     4.0831E-03  4.0281E-03 -6.6813E-04
  3.5904E+02  1.0000E+00     4.1916E-03  4.1351E-03 -6.8615E-04
  3.5912E+02  1.0000E+00     4.3029E-03  4.2448E-03 -7.0473E-04
  3.5920E+02  1.0000E+00     4.4173E-03  4.3577E-03 -7.2347E-04
  3.5928E+02  1.0000E+00     4.5347E-03  4.4735E-03 -7.4256E-04
  3.5936E+02  1.0000E+00     4.6553E-03  4.5925E-03 -7.6250E-04
  3.5944E+02  1.0000E+00     4.7791E-03  4.7146E-03 -7.8281E-04
  3.5952E+02  1.0000E+00     4.9062E-03  4.8400E-03 -8.0330E-04
  3.5960E+02  1.0000E+00     5.0366E-03  4.9687E-03 -8.2443E-04
  3.5968E+02  1.0000E+00     5.1705E-03  5.1008E-03 -8.4634E-04
  3.5976E+02  1.0000E+00     5.3078E-03  5.2363E-03 -8.6855E-04
  3.5984E+02  1.0000E+00     5.4488E-03  5.3754E-03 -8.9106E-04
  3.5992E+02  1.0000E+00     5.5937E-03  5.5184E-03 -9.1441E-04
  3.6000E+02  1.0000E+00     5.7420E-03  5.6648E-03 -9.3833E-04
  3.6008E+02  1.0000E+00     5.8943E-03  5.8152E-03 -9.6242E-04
  3.6016E+02  1.0000E+00     6.0506E-03  5.9695E-03 -9.8698E-04
  3.6024E+02  1.0000E+00     6.2109E-03  6.1278E-03 -1.0126E-03
  3.6032E+02  1.0000E+00     6.3751E-03  6.2899E-03 -1.0386E-03
  3.6040E+02  1.0000E+00     6.5437E-03  6.4564E-03 -1.0648E-03
  3.6048E+02  1.0000E+00     6.7166E-03  6.6273E-03 -1.0917E-03
  3.6056E+02  1.0000E+00     6.8940E-03  6.8025E-03 -1.1196E-03
  3.6064E+02  1.0000E+00     7.0758E-03  6.9821E-03 -1.1475E-03
  3.6072E+02  1.0000E+00     7.2621E-03  7.1662E-03 -1.1759E-03
  3.6080E+02  1.0000E+00     7.4533E-03  7.3552E-03 -1.2053E-03
  3.6088E+02  1.0000E+00     7.6490E-03  7.5486E-03 -1.2353E-03
  3.6096E+02  1.0000E+00     7.8496E-03  7.7469E-03 -1.2655E-03
  3.6104E+02  1.0000E+00     8.0551E-03  7.9502E-03 -1.2962E-03
  3.6112E+02  1.0000E+00     8.2659E-03  8.1585E-03 -1.3278E-03
  3.6120E+02  1.0000E+00     8.4815E-03  8.3718E-03 -1.3598E-03
  3.6128E+02  1.0000E+00     8.7023E-03  8.5903E-03 -1.3920E-03
  3.6136E+02  1.0000E+00     8.9286E-03  8.8142E-03 -1.4249E-03
  3.6144E+02  1.0000E+00     9.1603E-03  9.0434E-03 -1.4587E-03
  3.6152E+02  1.0000E+00     9.3971E-03  9.2778E-03 -1.4926E-03
  3.6160E+02  1.0000E+00     9.6394E-03  9.5178E-03 -1.5267E-03
  3.6168E+02  1.0000E+00     9.8879E-03  9.7638E-03 -1.5619E-03
  3.6176E+02  1.0000E+00     1.0142E-02  1.0015E-02 -1.5976E-03
  3.6184E+02  1.0000E+00     1.0401E-02  1.0272E-02 -1.6330E-03
  3.6192E+02  1.0000E+00     1.0667E-02  1.0535E-02 -1.6688E-03
  3.6200E+02  1.0000E+00     1.0938E-02  1.0804E-02 -1.7057E-03
  3.6208E+02  1.0000E+00     1.1215E-02  1.1079E-02 -1.7427E-03
  3.6216E+02  1.0000E+00     1.1499E-02  1.1360E-02 -1.7794E-03
  3.6224E+02  1.0000E+00     1.1788E-02  1.1647E-02 -1.8167E-03
  3.6232E+02  1.0000E+00     1.2084E-02  1.1941E-02 -1.8547E-03
  3.6240E+02  1.0000E+00     1.2385E-02  1.2240E-02 -1.8923E-03
  3.6248E+02  1.0000E+00     1.2693E-02  1.2545E-02 -1.9296E-03
  3.6256E+02  1.0000E+00     1.3007E-02  1.2857E-02 -1.9677E-03
  3.6264E+02  1.0000E+00     1.3327E-02  1.3175E-02 -2.0061E-03
  3.6272E+02  1.0000E+00     1.3653E-02  1.3500E-02 -2.0435E-03
  3.6280E+02  1.0000E+00     1.3986E-02  1.3830E-02 -2.0808E-03
  3.6288E+02  1.0000E+00     1.4325E-02  1.4167E-02 -2.1188E-03
  3.6296E+02  1.0000E+00     1.4670E-02  1.4510E-02 -2.1563E-03
  3.6304E+02  1.0000E+00     1.5020E-02  1.4860E-02 -2.1925E-03
  3.6312E+02  1.0000E+00     1.5377E-02  1.5215E-02 -2.2287E-03
  3.6320E+02  1.0000E+00     1.5740E-02  1.5576E-02 -2.2650E-03
  3.6328E+02  1.0000E+00     1.6109E-02  1.5944E-02 -2.2999E-03
  3.6336E+02  1.0000E+00     1.6483E-02  1.6317E-02 -2.3340E-03
  3.6344E+02  1.0000E+00     1.6864E-02  1.6697E-02 -2.3679E-03
  3.6352E+02  1.0000E+00     1.7249E-02  1.7081E-02 -2.4010E-03
  3.6360E+02  1.0000E+00     1.7640E-02  1.7472E-02 -2.4321E-03
  3.6368E+02  1.0000E+00     1.8036E-02  1.7867E-02 -2.4623E-03
  3.6376E+02  1.0000E+00     1.8437E-02  1.8268E-02 -2.4917E-03
  3.6384E+02  1.0000E+00     1.8842E-02  1.8673E-02 -2.5195E-03
  3.6392E+02  1.0000E+00     1.9253E-02  1.9084E-02 -2.5451E-03
  3.6400E+02  1.0000E+00     1.9667E-02  1.9499E-02 -2.5694E-03
  3.6408E+02  1.0000E+00     2.0086E-02  1.9918E-02 -2.5924E-03
  3.6416E+02  1.0000E+00     2.0508E-02  2.0341E-02 -2.6129E-03
  3.6424E+02  1.0000E+00     2.0933E-02  2.0767E-02 -2.6311E-03
  3.6432E+02  1.0000E+00     2.1361E-02  2.1197E-02 -2.6473E-03
  3.6440E+02  1.0000E+00     2.1793E-02  2.1629E-02 -2.6614E-03
  3.6448E+02  1.0000E+00     2.2225E-02  2.2064E-02 -2.6721E-03
  3.6456E+02  1.0000E+00     2.2660E-02  2.2501E-02 -2.6807E-03
  3.6464E+02  1.0000E+00     2.3097E-02  2.2940E-02 -2.6864E-03
  3.6472E+02  1.0000E+00     2.3534E-02  2.3380E-02 -2.6890E-03
  3.6480E+02  1.0000E+00     2.3972E-02  2.3820E-02 -2.6886E-03
  3.6488E+02  1.0000E+00     2.4409E-02  2.4261E-02 -2.6849E-03
  3.6496E+02  1.0000E+00     2.4846E-02  2.4701E-02 -2.6776E-03
  3.6504E+02  1.0000E+00     2.5281E-02  2.5140E-02 -2.6667E-03
  3.6512E+02  1.0000E+00     2.5714E-02  2.5577E-02 -2.6524E-03
  3.6520E+02  1.0000E+00     2.6145E-02  2.6012E-02 -2.6338E-03
  3.6528E+02  1.0000E+00     2.6573E-02  2.6444E-02 -2.6116E-03
  3.6536E+02  1.0000E+00     2.6997E-02  2.6873E-02 -2.5854E-03
  3.6544E+02  1.0000E+00     2.7416E-02  2.7297E-02 -2.5554E-03
  3.6552E+02  1.0000E+00     2.7830E-02  2.7716E-02 -2.5204E-03
  3.6560E+02  1.0000E+00     2.8239E-02  2.8130E-02 -2.4816E-03
  3.6568E+02  1.0000E+00     2.8641E-02  2.8537E-02 -2.4389E-03
  3.6576E+02  1.0000E+00     2.9035E-02  2.8937E-02 -2.3915E-03
  3.6584E+02  1.0000E+00     2.9422E-02  2.9329E-02 -2.3391E-03
  3.6592E+02  1.0000E+00     2.9800E-02  2.9712E-02 -2.2829E-03
  3.6600E+02  1.0000E+00     3.0169E-02  3.0087E-02 -2.2229E-03
  3.6608E+02  1.0000E+00     3.0527E-02  3.0450E-02 -2.1573E-03
  3.6616E+02  1.0000E+00     3.0875E-02  3.0804E-02 -2.0872E-03
  3.6624E+02  1.0000E+00     3.1210E-02  3.1145E-02 -2.0138E-03
  3.6632E+02  1.0000E+00     3.1534E-02  3.1474E-02 -1.9364E-03
  3.6640E+02  1.0000E+00     3.1844E-02  3.1790E-02 -1.8531E-03
  3.6648E+02  1.0000E+00     3.2141E-02  3.2092E-02 -1.7666E-03
  3.6656E+02  1.0000E+00     3.2423E-02  3.2380E-02 -1.6773E-03
  3.6664E+02  1.0000E+00     3.2690E-02  3.2652E-02 -1.5833E-03
  3.6672E+02  1.0000E+00     3.2942E-02  3.2908E-02 -1.4846E-03
  3.6680E+02  1.0000E+00     3.3177E-02  3.3148E-02 -1.3837E-03
  3.6688E+02  1.0000E+00     3.3396E-02  3.3371E-02 -1.2805E-03
  3.6696E+02  1.0000E+00     3.3596E-02  3.3576E-02 -1.1722E-03
  3.6704E+02  1.0000E+00     3.3780E-02  3.3764E-02 -1.0608E-03
  3.6712E+02  1.0000E+00     3.3945E-02  3.3932E-02 -9.4903E-04
  3.6720E+02  1.0000E+00     3.4091E-02  3.4081E-02 -8.3489E-04
  3.6728E+02  1.0000E+00     3.4218E-02  3.4210E-02 -7.1626E-04
  3.6736E+02  1.0000E+00     3.4326E-02  3.4321E-02 -5.9680E-04
  3.6744E+02  1.0000E+00     3.4415E-02  3.4411E-02 -4.7770E-04
  3.6752E+02  1.0000E+00     3.4482E-02  3.4481E-02 -3.5595E-04
  3.6760E+02  1.0000E+00     3.4531E-02  3.4530E-02 -2.3195E-04
  3.6768E+02  1.0000E+00     3.4559E-02  3.4559E-02 -1.0937E-04
  3.6776E+02  1.0000E+00     3.4567E-02  3.4567E-02  1.2634E-05
  3.6784E+02  1.0000E+00     3.4554E-02  3.4554E-02  1.3692E-04
  3.6792E+02  1.0000E+00     3.4522E-02  3.4521E-02  2.6131E-04
  3.6800E+02  1.0000E+00     3.4469E-02  3.4467E-02  3.8221E-04
  3.6808E+02  1.0000E+00     3.4396E-02  3.4393E-02  5.0269E-04
  3.6816E+02  1.0000E+00     3.4303E-02  3.4298E-02  6.2408E-04
  3.6824E+02  1.0000E+00     3.4192E-02  3.4183E-02  7.4292E-04
  3.6832E+02  1.0000E+00     3.4060E-02  3.4049E-02  8.5812E-04
  3.6840E+02  1.0000E+00     3.3909E-02  3.3895E-02  9.7268E-04
  3.6848E+02  1.0000E+00     3.3740E-02  3.3723E-02  1.0860E-03
  3.6856E+02  1.0000E+00     3.3553E-02  3.3532E-02  1.1948E-03
  3.6864E+02  1.0000E+00     3.3349E-02  3.3323E-02  1.3002E-03
  3.6872E+02  1.0000E+00     3.3126E-02  3.3096E-02  1.4043E-03
  3.6880E+02  1.0000E+00     3.2888E-02  3.2854E-02  1.5056E-03
  3.6888E+02  1.0000E+00     3.2633E-02  3.2594E-02  1.6007E-03
  3.6896E+02  1.0000E+00     3.2363E-02  3.2319E-02  1.6930E-03
  3.6904E+02  1.0000E+00     3.2078E-02  3.2028E-02  1.7830E-03
  3.6912E+02  1.0000E+00     3.1779E-02  3.1724E-02  1.8684E-03
  3.6920E+02  1.0000E+00     3.1466E-02  3.1406E-02  1.9484E-03
  3.6928E+02  1.0000E+00     3.1141E-02  3.1075E-02  2.0251E-03
  3.6936E+02  1.0000E+00     3.0803E-02  3.0731E-02  2.0985E-03
  3.6944E+02  1.0000E+00     3.0454E-02  3.0377E-02  2.1661E-03
  3.6952E+02  1.0000E+00     3.0095E-02  3.0012E-02  2.2294E-03
  3.6960E+02  1.0000E+00     2.9724E-02  2.9636E-02  2.2890E-03
  3.6968E+02  1.0000E+00     2.9346E-02  2.9252E-02  2.3446E-03
  3.6976E+02  1.0000E+00     2.8959E-02  2.8859E-02  2.3941E-03
  3.6984E+02  1.0000E+00     2.8563E-02  2.8459E-02  2.4401E-03
  3.6992E+02  1.0000E+00     2.8161E-02  2.8051E-02  2.4823E-03
  3.7000E+02  1.0000E+00     2.7753E-02  2.7638E-02  2.5198E-03
  3.7008E+02  1.0000E+00     2.7339E-02  2.7219E-02  2.5526E-03
  3.7016E+02  1.0000E+00     2.6919E-02  2.6795E-02  2.5816E-03
  3.7024E+02  1.0000E+00     2.6496E-02  2.6368E-02  2.6068E-03
  3.7032E+02  1.0000E+00     2.6070E-02  2.5937E-02  2.6278E-03
  3.7040E+02  1.0000E+00     2.5640E-02  2.5503E-02  2.6450E-03
  3.7048E+02  1.0000E+00     2.5207E-02  2.5067E-02  2.6581E-03
  3.7056E+02  1.0000E+00     2.4774E-02  2.4630E-02  2.6679E-03
  3.7064E+02  1.0000E+00     2.4339E-02  2.4192E-02  2.6738E-03
  3.7072E+02  1.0000E+00     2.3904E-02  2.3753E-02  2.6767E-03
  3.7080E+02  1.0000E+00     2.3468E-02  2.3315E-02  2.6763E-03
  3.7088E+02  1.0000E+00     2.3033E-02  2.2878E-02  2.6727E-03
  3.7096E+02  1.0000E+00     2.2599E-02  2.2441E-02  2.6663E-03
  3.7104E+02  1.0000E+00     2.2167E-02  2.2007E-02  2.6569E-03
  3.7112E+02  1.0000E+00     2.1736E-02  2.1574E-02  2.6449E-03
  3.7120E+02  1.0000E+00     2.1307E-02  2.1144E-02  2.6306E-03
  3.7128E+02  1.0000E+00     2.0882E-02  2.0718E-02  2.6141E-03
  3.7136E+02  1.0000E+00     2.0459E-02  2.0294E-02  2.5948E-03
  3.7144E+02  1.0000E+00     2.0040E-02  1.9874E-02  2.5737E-03
  3.7152E+02  1.0000E+00     1.9625E-02  1.9458E-02  2.5509E-03
  3.7160E+02  1.0000E+00     1.9213E-02  1.9047E-02  2.5262E-03
  3.7168E+02  1.0000E+00     1.8806E-02  1.8640E-02  2.4993E-03
  3.7176E+02  1.0000E+00     1.8404E-02  1.8237E-02  2.4712E-03
  3.7184E+02  1.0000E+00     1.8006E-02  1.7840E-02  2.4421E-03
  3.7192E+02  1.0000E+00     1.7614E-02  1.7448E-02  2.4114E-03
  3.7200E+02  1.0000E+00     1.7227E-02  1.7061E-02  2.3795E-03
  3.7208E+02  1.0000E+00     1.6844E-02  1.6680E-02  2.3468E-03
  3.7216E+02  1.0000E+00     1.6467E-02  1.6304E-02  2.3133E-03
  3.7224E+02  1.0000E+00     1.6097E-02  1.5935E-02  2.2785E-03
  3.7232E+02  1.0000E+00     1.5731E-02  1.5570E-02  2.2429E-03
  3.7240E+02  1.0000E+00     1.5372E-02  1.5212E-02  2.2075E-03
  3.7248E+02  1.0000E+00     1.5018E-02  1.4861E-02  2.1715E-03
  3.7256E+02  1.0000E+00     1.4671E-02  1.4515E-02  2.1342E-03
  3.7264E+02  1.0000E+00     1.4329E-02  1.4175E-02  2.0970E-03
  3.7272E+02  1.0000E+00     1.3994E-02  1.3842E-02  2.0600E-03
  3.7280E+02  1.0000E+00     1.3665E-02  1.3515E-02  2.0225E-03
  3.7288E+02  1.0000E+00     1.3342E-02  1.3194E-02  1.9843E-03
  3.7296E+02  1.0000E+00     1.3026E-02  1.2879E-02  1.9467E-03
  3.7304E+02  1.0000E+00     1.2715E-02  1.2571E-02  1.9096E-03
  3.7312E+02  1.0000E+00     1.2411E-02  1.2269E-02  1.8718E-03
  3.7320E+02  1.0000E+00     1.2112E-02  1.1973E-02  1.8340E-03
  3.7328E+02  1.0000E+00     1.1820E-02  1.1683E-02  1.7971E-03
  3.7336E+02  1.0000E+00     1.1534E-02  1.1399E-02  1.7602E-03
  3.7344E+02  1.0000E+00     1.1254E-02  1.1121E-02  1.7231E-03
  3.7352E+02  1.0000E+00     1.0980E-02  1.0849E-02  1.6865E-03
  3.7360E+02  1.0000E+00     1.0711E-02  1.0583E-02  1.6506E-03
  3.7368E+02  1.0000E+00     1.0449E-02  1.0323E-02  1.6147E-03
  3.7376E+02  1.0000E+00     1.0192E-02  1.0069E-02  1.5789E-03
  3.7384E+02  1.0000E+00     9.9412E-03  9.8206E-03  1.5441E-03
  3.7392E+02  1.0000E+00     9.6958E-03  9.5775E-03  1.5100E-03
  3.7400E+02  1.0000E+00     9.4562E-03  9.3404E-03  1.4757E-03
  3.7408E+02  1.0000E+00     9.2216E-03  9.1082E-03  1.4418E-03
  3.7416E+02  1.0000E+00     8.9929E-03  8.8818E-03  1.4091E-03
  3.7424E+02  1.0000E+00     8.7694E-03  8.6607E-03  1.3767E-03
  3.7432E+02  1.0000E+00     8.5510E-03  8.4447E-03  1.3444E-03
  3.7440E+02  1.0000E+00     8.3377E-03  8.2336E-03  1.3129E-03
  3.7448E+02  1.0000E+00     8.1296E-03  8.0278E-03  1.2823E-03
  3.7456E+02  1.0000E+00     7.9264E-03  7.8269E-03  1.2517E-03
  3.7464E+02  1.0000E+00     7.7279E-03  7.6308E-03  1.2216E-03
  3.7472E+02  1.0000E+00     7.5343E-03  7.4394E-03  1.1925E-03
  3.7480E+02  1.0000E+00     7.3453E-03  7.2525E-03  1.1640E-03
  3.7488E+02  1.0000E+00     7.1611E-03  7.0705E-03  1.1356E-03
  3.7496E+02  1.0000E+00     6.9810E-03  6.8925E-03  1.1078E-03
  3.7504E+02  1.0000E+00     6.8056E-03  6.7192E-03  1.0811E-03
  3.7512E+02  1.0000E+00     6.6345E-03  6.5501E-03  1.0549E-03
  3.7520E+02  1.0000E+00     6.4675E-03  6.3852E-03  1.0287E-03
  3.7528E+02  1.0000E+00     6.3046E-03  6.2243E-03  1.0032E-03
  3.7536E+02  1.0000E+00     6.1459E-03  6.0675E-03  9.7870E-04
  3.7544E+02  1.0000E+00     5.9912E-03  5.9147E-03  9.5442E-04
  3.7552E+02  1.0000E+00     5.8402E-03  5.7656E-03  9.3045E-04
  3.7560E+02  1.0000E+00     5.6930E-03  5.6202E-03  9.0738E-04
  3.7568E+02  1.0000E+00     5.5494E-03  5.4784E-03  8.8489E-04
  3.7576E+02  1.0000E+00     5.4096E-03  5.3404E-03  8.6261E-04
  3.7584E+02  1.0000E+00     5.2730E-03  5.2055E-03  8.4081E-04
  3.7592E+02  1.0000E+00     5.1402E-03  5.0744E-03  8.1990E-04
  3.7600E+02  1.0000E+00     5.0106E-03  4.9464E-03  7.9938E-04
  3.7608E+02  1.0000E+00     4.8842E-03  4.8216E-03  7.7904E-04
  3.7616E+02  1.0000E+00     4.7609E-03  4.7000E-03  7.5920E-04
  3.7624E+02  1.0000E+00     4.6409E-03  4.5815E-03  7.4018E-04
  3.7632E+02  1.0000E+00     4.5239E-03  4.4661E-03  7.2146E-04
  3.7640E+02  1.0000E+00     4.4098E-03  4.3534E-03  7.0299E-04
  3.7648E+02  1.0000E+00     4.2988E-03  4.2438E-03  6.8525E-04
  3.7656E+02  1.0000E+00     4.1904E-03  4.1368E-03  6.6804E-04
  3.7664E+02  1.0000E+00     4.0850E-03  4.0328E-03  6.5091E-04
  3.7672E+02  1.0000E+00     3.9820E-03  3.9312E-03  6.3419E-04
  3.7680E+02  1.0000E+00     3.8819E-03  3.8323E-03  6.1820E-04
  3.7688E+02  1.0000E+00     3.7842E-03  3.7360E-03  6.0247E-04
  3.7696E+02  1.0000E+00     3.6891E-03  3.6421E-03  5.8696E-04
  3.7704E+02  1.0000E+00     3.5963E-03  3.5505E-03  5.7202E-04
  3.7712E+02  1.0000E+00     3.5060E-03  3.4614E-03  5.5757E-04
  3.7720E+02  1.0000E+00     3.4180E-03  3.3745E-03  5.4324E-04
  3.7728E+02  1.0000E+00     3.3321E-03  3.2898E-03  5.2920E-04
  3.7736E+02  1.0000E+00     3.2485E-03  3.2073E-03  5.1578E-04
  3.7744E+02  1.0000E+00     3.1670E-03  3.1269E-03  5.0272E-04
  3.7752E+02  1.0000E+00     3.0877E-03  3.0486E-03  4.8977E-04
  3.7760E+02  1.0000E+00     3.0102E-03  2.9722E-03  4.7712E-04
  3.7768E+02  1.0000E+00     2.9349E-03  2.8978E-03  4.6506E-04
  3.7776E+02  1.0000E+00     2.8615E-03  2.8253E-03  4.5321E-04
  3.7784E+02  1.0000E+00     2.7899E-03  2.7548E-03  4.4152E-04
  3.7792E+02  1.0000E+00     2.7201E-03  2.6859E-03  4.3019E-04
  3.7800E+02  1.0000E+00     2.6522E-03  2.6188E-03  4.1928E-04
  3.7808E+02  1.0000E+00     2.5860E-03  2.5536E-03  4.0853E-04
  3.7816E+02  1.0000E+00     2.5215E-03  2.4899E-03  3.9796E-04
  3.7824E+02  1.0000E+00     2.4586E-03  2.4278E-03  3.8784E-04
  3.7832E+02  1.0000E+00     2.3974E-03  2.3674E-03  3.7800E-04
  3.7840E+02  1.0000E+00     2.3377E-03  2.3085E-03  3.6825E-04
  3.7848E+02  1.0000E+00     2.2795E-03  2.2511E-03  3.5872E-04
  3.7856E+02  1.0000E+00     2.2229E-03  2.1952E-03  3.4965E-04
  3.7864E+02  1.0000E+00     2.1677E-03  2.1407E-03  3.4076E-04
  3.7872E+02  1.0000E+00     2.1139E-03  2.0876E-03  3.3196E-04
  3.7880E+02  1.0000E+00     2.0614E-03  2.0359E-03  3.2347E-04
  3.7888E+02  1.0000E+00     2.0103E-03  1.9855E-03  3.1529E-04
  3.7896E+02  1.0000E+00     1.9606E-03  1.9364E-03  3.0721E-04
  3.7904E+02  1.0000E+00     1.9121E-03  1.8885E-03  2.9925E-04
  3.7912E+02  1.0000E+00     1.8648E-03  1.8418E-03  2.9164E-04
  3.7920E+02  1.0000E+00     1.8187E-03  1.7964E-03  2.8425E-04
  3.7928E+02  1.0000E+00     1.7739E-03  1.7521E-03  2.7692E-04
  3.7936E+02  1.0000E+00     1.7301E-03  1.7090E-03  2.6980E-04
  3.7944E+02  1.0000E+00     1.6876E-03  1.6669E-03  2.6300E-04
  3.7952E+02  1.0000E+00     1.6460E-03  1.6259E-03  2.5631E-04
  3.7960E+02  1.0000E+00     1.6056E-03  1.5860E-03  2.4971E-04
  3.7968E+02  1.0000E+00     1.5661E-03  1.5471E-03  2.4334E-04
  3.7976E+02  1.0000E+00     1.5277E-03  1.5092E-03  2.3719E-04
  3.7984E+02  1.0000E+00     1.4903E-03  1.4722E-03  2.3114E-04
  3.7992E+02  1.0000E+00     1.4538E-03  1.4362E-03  2.2519E-04
  3.8000E+02  1.0000E+00     1.4182E-03  1.4011E-03  2.1948E-04
  3.8008E+02  1.0000E+00     1.3835E-03  1.3669E-03  2.1392E-04
  3.8016E+02  1.0000E+00     1.3498E-03  1.3336E-03  2.0843E-04
  3.8024E+02  1.0000E+00     1.3168E-03  1.3010E-03  2.0308E-04
  3.8032E+02  1.0000E+00     1.2847E-03  1.2694E-03  1.9797E-04
  3.8040E+02  1.0000E+00     1.2535E-03  1.2385E-03  1.9295E-04
  3.8048E+02  1.0000E+00     1.2230E-03  1.2085E-03  1.8799E-04
  3.8056E+02  1.0000E+00     1.1933E-03  1.1792E-03  1.8321E-04
  3.8064E+02  1.0000E+00     1.1644E-03  1.1506E-03  1.7860E-04
  3.8072E+02  1.0000E+00     1.1362E-03  1.1228E-03  1.7406E-04
  3.8080E+02  1.0000E+00     1.1087E-03  1.0957E-03  1.6960E-04
  3.8088E+02  1.0000E+00     1.0820E-03  1.0693E-03  1.6532E-04
  3.8096E+02  1.0000E+00     1.0558E-03  1.0435E-03  1.6117E-04
  3.8104E+02  1.0000E+00     1.0304E-03  1.0184E-03  1.5706E-04
  3.8112E+02  1.0000E+00     1.0056E-03  9.9387E-04  1.5303E-04
  3.8120E+02  1.0000E+00     9.8144E-04  9.7003E-04  1.4919E-04
  3.8128E+02  1.0000E+00     9.5789E-04  9.4679E-04  1.4543E-04
  3.8136E+02  1.0000E+00     9.3493E-04  9.2412E-04  1.4171E-04
  3.8144E+02  1.0000E+00     9.1253E-04  9.0202E-04  1.3811E-04
  3.8152E+02  1.0000E+00     8.9072E-04  8.8049E-04  1.3465E-04
  3.8160E+02  1.0000E+00     8.6947E-04  8.5951E-04  1.3124E-04
  3.8168E+02  1.0000E+00     8.4873E-04  8.3904E-04  1.2789E-04
  3.8176E+02  1.0000E+00     8.2854E-04  8.1910E-04  1.2469E-04
  3.8184E+02  1.0000E+00     8.0885E-04  7.9966E-04  1.2158E-04
  3.8192E+02  1.0000E+00     7.8967E-04  7.8073E-04  1.1849E-04
  3.8200E+02  1.0000E+00     7.7093E-04  7.6223E-04  1.1546E-04
  3.8208E+02  1.0000E+00     7.5271E-04  7.4424E-04  1.1258E-04
  3.8216E+02  1.0000E+00     7.3494E-04  7.2670E-04  1.0976E-04
  3.8224E+02  1.0000E+00     7.1761E-04  7.0959E-04  1.0697E-04
  3.8232E+02  1.0000E+00     7.0071E-04  6.9291E-04  1.0427E-04
  3.8240E+02  1.0000E+00     6.8425E-04  6.7665E-04  1.0168E-04
  3.8248E+02  1.0000E+00     6.6820E-04  6.6081E-04  9.9114E-05
  3.8256E+02  1.0000E+00     6.5254E-04  6.4536E-04  9.6597E-05
  3.8264E+02  1.0000E+00     6.3729E-04  6.3029E-04  9.4190E-05
  3.8272E+02  1.0000E+00     6.2241E-04  6.1559E-04  9.1846E-05
  3.8280E+02  1.0000E+00     6.0792E-04  6.0130E-04  8.9523E-05
  3.8288E+02  1.0000E+00     5.9377E-04  5.8732E-04  8.7261E-05
  3.8296E+02  1.0000E+00     5.8000E-04  5.7372E-04  8.5102E-05
  3.8304E+02  1.0000E+00     5.6656E-04  5.6045E-04  8.2978E-05
  3.8312E+02  1.0000E+00     5.5345E-04  5.4751E-04  8.0876E-05
  3.8320E+02  1.0000E+00     5.4068E-04  5.3490E-04  7.8855E-05
  3.8328E+02  1.0000E+00     5.2823E-04  5.2260E-04  7.6903E-05
  3.8336E+02  1.0000E+00     5.1610E-04  5.1062E-04  7.4973E-05
  3.8344E+02  1.0000E+00     5.0426E-04  4.9893E-04  7.3083E-05
  3.8352E+02  1.0000E+00     4.9271E-04  4.8753E-04  7.1271E-05
  3.8360E+02  1.0000E+00     4.8145E-04  4.7641E-04  6.9503E-05
  3.8368E+02  1.0000E+00     4.7049E-04  4.6558E-04  6.7764E-05
  3.8376E+02  1.0000E+00     4.5977E-04  4.5500E-04  6.6064E-05
  3.8384E+02  1.0000E+00     4.4934E-04  4.4469E-04  6.4437E-05
  3.8392E+02  1.0000E+00     4.3917E-04  4.3465E-04  6.2837E-05
  3.8400E+02  1.0000E+00     4.2924E-04  4.2485E-04  6.1259E-05
  3.8408E+02  1.0000E+00     4.1956E-04  4.1529E-04  5.9736E-05
  3.8416E+02  1.0000E+00     4.1013E-04  4.0597E-04  5.8270E-05
  3.8424E+02  1.0000E+00     4.0093E-04  3.9688E-04  5.6818E-05
  3.8432E+02  1.0000E+00     3.9195E-04  3.8802E-04  5.5390E-05
  3.8440E+02  1.0000E+00     3.8321E-04  3.7938E-04  5.4026E-05
  3.8448E+02  1.0000E+00     3.7467E-04  3.7094E-04  5.2699E-05
  3.8456E+02  1.0000E+00     3.6636E-04  3.6274E-04  5.1381E-05
  3.8464E+02  1.0000E+00     3.5824E-04  3.5472E-04  5.0099E-05
  3.8472E+02  1.0000E+00     3.5033E-04  3.4691E-04  4.8870E-05
  3.8480E+02  1.0000E+00     3.4262E-04  3.3929E-04  4.7662E-05
  3.8488E+02  1.0000E+00     3.3509E-04  3.3185E-04  4.6474E-05
  3.8496E+02  1.0000E+00     3.2774E-04  3.2459E-04  4.5323E-05
  3.8504E+02  1.0000E+00     3.2058E-04  3.1752E-04  4.4210E-05
  3.8512E+02  1.0000E+00     3.1361E-04  3.1063E-04  4.3113E-05
  3.8520E+02  1.0000E+00     3.0679E-04  3.0390E-04  4.2034E-05
  3.8528E+02  1.0000E+00     3.0015E-04  2.9734E-04  4.1003E-05
  3.8536E+02  1.0000E+00     2.9367E-04  2.9094E-04  3.9997E-05
  3.8544E+02  1.0000E+00     2.8736E-04  2.8470E-04  3.8998E-05
  3.8552E+02  1.0000E+00     2.8119E-04  2.7861E-04  3.8028E-05
  3.8560E+02  1.0000E+00     2.7519E-04  2.7267E-04  3.7100E-05
  3.8568E+02  1.0000E+00     2.6933E-04  2.6688E-04  3.6184E-05
  3.8576E+02  1.0000E+00     2.6361E-04  2.6124E-04  3.5277E-05
  3.8584E+02  1.0000E+00     2.5804E-04  2.5573E-04  3.4404E-05
  3.8592E+02  1.0000E+00     2.5260E-04  2.5036E-04  3.3561E-05
  3.8600E+02  1.0000E+00     2.4731E-04  2.4513E-04  3.2727E-05
  3.8608E+02  1.0000E+00     2.4213E-04  2.4002E-04  3.1909E-05
  3.8616E+02  1.0000E+00     2.3709E-04  2.3504E-04  3.1126E-05
  3.8624E+02  1.0000E+00     2.3217E-04  2.3018E-04  3.0359E-05
  3.8632E+02  1.0000E+00     2.2738E-04  2.2545E-04  2.9599E-05
  3.8640E+02  1.0000E+00     2.2270E-04  2.2082E-04  2.8858E-05
  3.8648E+02  1.0000E+00     2.1814E-04  2.1632E-04  2.8149E-05
  3.8656E+02  1.0000E+00     2.1370E-04  2.1193E-04  2.7451E-05
  3.8664E+02  1.0000E+00     2.0936E-04  2.0764E-04  2.6761E-05
  3.8672E+02  1.0000E+00     2.0513E-04  2.0347E-04  2.6095E-05
  3.8680E+02  1.0000E+00     2.0101E-04  1.9939E-04  2.5450E-05
  3.8688E+02  1.0000E+00     1.9699E-04  1.9542E-04  2.4813E-05
  3.8696E+02  1.0000E+00     1.9307E-04  1.9155E-04  2.4185E-05
  3.8704E+02  1.0000E+00     1.8925E-04  1.8777E-04  2.3585E-05
  3.8712E+02  1.0000E+00     1.8552E-04  1.8409E-04  2.3000E-05
  3.8720E+02  1.0000E+00     1.8189E-04  1.8051E-04  2.2419E-05
  3.8728E+02  1.0000E+00     1.7835E-04  1.7700E-04  2.1854E-05
  3.8736E+02  1.0000E+00     1.7490E-04  1.7359E-04  2.1309E-05
  3.8744E+02  1.0000E+00     1.7153E-04  1.7027E-04  2.0772E-05
  3.8752E+02  1.0000E+00     1.6825E-04  1.6703E-04  2.0244E-05
  3.8760E+02  1.0000E+00     1.6505E-04  1.6387E-04  1.9733E-05
  3.8768E+02  1.0000E+00     1.6194E-04  1.6079E-04  1.9239E-05
  3.8776E+02  1.0000E+00     1.5890E-04  1.5779E-04  1.8750E-05
  3.8784E+02  1.0000E+00     1.5593E-04  1.5486E-04  1.8268E-05
  3.8792E+02  1.0000E+00     1.5305E-04  1.5201E-04  1.7808E-05
  3.8800E+02  1.0000E+00     1.5024E-04  1.4923E-04  1.7360E-05
  3.8808E+02  1.0000E+00     1.4750E-04  1.4653E-04  1.6913E-05
  3.8816E+02  1.0000E+00     1.4483E-04  1.4389E-04  1.6479E-05
  3.8824E+02  1.0000E+00     1.4223E-04  1.4132E-04  1.6061E-05
  3.8832E+02  1.0000E+00     1.3969E-04  1.3881E-04  1.5650E-05
  3.8840E+02  1.0000E+00     1.3722E-04  1.3637E-04  1.5245E-05
  3.8848E+02  1.0000E+00     1.3481E-04  1.3399E-04  1.4854E-05
  3.8856E+02  1.0000E+00     1.3247E-04  1.3168E-04  1.4475E-05
  3.8864E+02  1.0000E+00     1.3019E-04  1.2942E-04  1.4102E-05
  3.8872E+02  1.0000E+00     1.2796E-04  1.2722E-04  1.3736E-05
  3.8880E+02  1.0000E+00     1.2580E-04  1.2508E-04  1.3384E-05
  3.8888E+02  1.0000E+00     1.2369E-04  1.2300E-04  1.3039E-05
  3.8896E+02  1.0000E+00     1.2163E-04  1.2097E-04  1.2699E-05
  3.8904E+02  1.0000E+00     1.1963E-04  1.1898E-04  1.2368E-05
  3.8912E+02  1.0000E+00     1.1768E-04  1.1706E-04  1.2052E-05
  3.8920E+02  1.0000E+00     1.1578E-04  1.1518E-04  1.1740E-05
  3.8928E+02  1.0000E+00     1.1393E-04  1.1335E-04  1.1433E-05
  3.8936E+02  1.0000E+00     1.1212E-04  1.1157E-04  1.1136E-05
  3.8944E+02  1.0000E+00     1.1037E-04  1.0983E-04  1.0849E-05
  3.8952E+02  1.0000E+00     1.0866E-04  1.0815E-04  1.0566E-05
  3.8960E+02  1.0000E+00     1.0700E-04  1.0650E-04  1.0289E-05
  3.8968E+02  1.0000E+00     1.0538E-04  1.0490E-04  1.0024E-05
  3.8976E+02  1.0000E+00     1.0380E-04  1.0334E-04  9.7655E-06
  3.8984E+02  1.0000E+00     1.0226E-04  1.0182E-04  9.5103E-06
  3.8992E+02  1.0000E+00     1.0076E-04  1.0034E-04  9.2627E-06
  3.9000E+02  1.0000E+00     9.9305E-05  9.8894E-05  9.0257E-06
