Matrix of values from data file Obj_mmNew_340A.POU
  ZMin:   1.0600E+03    RMin:   0.0000E+00
  ZMax:   1.0900E+03    RMax:   1.0000E+00
  NZ: 500    NR: 500
Z                 R             |B|          Bz        Br
=============================================================================
   1060.000  0.0000E+00     1.2952E-04  1.2952E-04 -6.2816E-09
   1060.060  0.0000E+00     1.3240E-04  1.3240E-04  8.8813E-09
   1060.120  0.0000E+00     1.3546E-04  1.3546E-04  2.0060E-09
   1060.180  0.0000E+00     1.3852E-04  1.3852E-04 -4.8557E-09
   1060.240  0.0000E+00     1.4158E-04  1.4158E-04 -1.1717E-08
   1060.300  0.0000E+00     1.4511E-04  1.4511E-04  4.9885E-09
   1060.360  0.0000E+00     1.4857E-04  1.4857E-04 -2.7744E-09
   1060.420  0.0000E+00     1.5203E-04  1.5203E-04 -1.0537E-08
   1060.480  0.0000E+00     1.5585E-04  1.5585E-04  8.5070E-09
   1060.540  0.0000E+00     1.5976E-04  1.5976E-04 -2.1401E-10
   1060.600  0.0000E+00     1.6367E-04  1.6367E-04 -8.9350E-09
   1060.660  0.0000E+00     1.6782E-04  1.6782E-04  1.2757E-08
   1060.720  0.0000E+00     1.7224E-04  1.7224E-04  2.9424E-09
   1060.780  0.0000E+00     1.7666E-04  1.7666E-04 -6.8524E-09
   1060.840  0.0000E+00     1.8107E-04  1.8107E-04 -1.6647E-08
   1060.900  0.0000E+00     1.8615E-04  1.8615E-04  7.0708E-09
   1060.960  0.0000E+00     1.9113E-04  1.9113E-04 -4.0269E-09
   1061.020  0.0000E+00     1.9612E-04  1.9612E-04 -1.5125E-08
   1061.080  0.0000E+00     2.0163E-04  2.0163E-04  1.2092E-08
   1061.140  0.0000E+00     2.0725E-04  2.0725E-04 -2.8093E-10
   1061.200  0.0000E+00     2.1287E-04  2.1287E-04 -1.2654E-08
   1061.260  0.0000E+00     2.1887E-04  2.1887E-04  1.8479E-08
   1061.320  0.0000E+00     2.2522E-04  2.2522E-04  4.2748E-09
   1061.380  0.0000E+00     2.3156E-04  2.3156E-04 -9.9292E-09
   1061.440  0.0000E+00     2.3792E-04  2.3792E-04 -2.4162E-08
   1061.500  0.0000E+00     2.4522E-04  2.4522E-04  9.8545E-09
   1061.560  0.0000E+00     2.5238E-04  2.5238E-04 -5.9218E-09
   1061.620  0.0000E+00     2.5956E-04  2.5956E-04 -2.1729E-08
   1061.680  0.0000E+00     2.6748E-04  2.6748E-04  1.7651E-08
   1061.740  0.0000E+00     2.7557E-04  2.7557E-04 -2.0853E-10
   1061.800  0.0000E+00     2.8367E-04  2.8367E-04 -1.8103E-08
   1061.860  0.0000E+00     2.9226E-04  2.9226E-04  2.6176E-08
   1061.920  0.0000E+00     3.0138E-04  3.0138E-04  5.9581E-09
   1061.980  0.0000E+00     3.1049E-04  3.1049E-04 -1.4260E-08
   1062.040  0.0000E+00     3.1963E-04  3.1963E-04 -3.4518E-08
   1062.100  0.0000E+00     3.3013E-04  3.3013E-04  1.4268E-08
   1062.160  0.0000E+00     3.4042E-04  3.4042E-04 -8.4999E-09
   1062.220  0.0000E+00     3.5073E-04  3.5073E-04 -3.1313E-08
   1062.280  0.0000E+00     3.6212E-04  3.6212E-04  2.5511E-08
   1062.340  0.0000E+00     3.7375E-04  3.7375E-04 -3.3590E-10
   1062.400  0.0000E+00     3.8539E-04  3.8539E-04 -2.6234E-08
   1062.460  0.0000E+00     3.9772E-04  3.9772E-04  3.7851E-08
   1062.520  0.0000E+00     4.1084E-04  4.1084E-04  8.8017E-09
   1062.580  0.0000E+00     4.2398E-04  4.2398E-04 -2.0306E-08
   1062.640  0.0000E+00     4.3709E-04  4.3709E-04 -4.9355E-08
   1062.700  0.0000E+00     4.5223E-04  4.5223E-04  2.1017E-08
   1062.760  0.0000E+00     4.6707E-04  4.6707E-04 -1.2513E-08
   1062.820  0.0000E+00     4.8188E-04  4.8188E-04 -4.5976E-08
   1062.880  0.0000E+00     4.9829E-04  4.9829E-04  3.5589E-08
   1062.940  0.0000E+00     5.1506E-04  5.1506E-04 -1.3503E-09
   1063.000  0.0000E+00     5.3180E-04  5.3180E-04 -3.8216E-08
   1063.060  0.0000E+00     5.4961E-04  5.4961E-04  5.5491E-08
   1063.120  0.0000E+00     5.6855E-04  5.6855E-04  1.3213E-08
   1063.180  0.0000E+00     5.8745E-04  5.8745E-04 -2.8982E-08
   1063.240  0.0000E+00     6.0635E-04  6.0635E-04 -7.1177E-08
   1063.300  0.0000E+00     6.2812E-04  6.2812E-04  3.0653E-08
   1063.360  0.0000E+00     6.4953E-04  6.4953E-04 -1.7918E-08
   1063.420  0.0000E+00     6.7089E-04  6.7089E-04 -6.6392E-08
   1063.480  0.0000E+00     6.9456E-04  6.9456E-04  5.2412E-08
   1063.540  0.0000E+00     7.1877E-04  7.1877E-04 -1.7072E-09
   1063.600  0.0000E+00     7.4292E-04  7.4292E-04 -5.5719E-08
   1063.660  0.0000E+00     7.6867E-04  7.6867E-04  7.9656E-08
   1063.720  0.0000E+00     7.9603E-04  7.9603E-04  1.8250E-08
   1063.780  0.0000E+00     8.2333E-04  8.2333E-04 -4.3034E-08
   1063.840  0.0000E+00     8.5063E-04  8.5063E-04 -1.0432E-07
   1063.900  0.0000E+00     8.8218E-04  8.8218E-04  4.4308E-08
   1063.960  0.0000E+00     9.1306E-04  9.1306E-04 -2.5376E-08
   1064.020  0.0000E+00     9.4393E-04  9.4393E-04 -9.5060E-08
   1064.080  0.0000E+00     9.7826E-04  9.7826E-04  7.5256E-08
   1064.140  0.0000E+00     1.0132E-03  1.0132E-03 -3.2479E-09
   1064.200  0.0000E+00     1.0481E-03  1.0481E-03 -8.1752E-08
   1064.260  0.0000E+00     1.0854E-03  1.0854E-03  1.1644E-07
   1064.320  0.0000E+00     1.1249E-03  1.1249E-03  2.7406E-08
   1064.380  0.0000E+00     1.1644E-03  1.1644E-03 -6.1632E-08
   1064.440  0.0000E+00     1.2039E-03  1.2039E-03 -1.5085E-07
   1064.500  0.0000E+00     1.2494E-03  1.2494E-03  6.4602E-08
   1064.560  0.0000E+00     1.2941E-03  1.2941E-03 -3.6274E-08
   1064.620  0.0000E+00     1.3388E-03  1.3388E-03 -1.3715E-07
   1064.680  0.0000E+00     1.3884E-03  1.3884E-03  1.0973E-07
   1064.740  0.0000E+00     1.4389E-03  1.4389E-03 -4.0064E-09
   1064.800  0.0000E+00     1.4894E-03  1.4894E-03 -1.1774E-07
   1064.860  0.0000E+00     1.5433E-03  1.5433E-03  1.6809E-07
   1064.920  0.0000E+00     1.6004E-03  1.6004E-03  3.9277E-08
   1064.980  0.0000E+00     1.6576E-03  1.6576E-03 -8.9537E-08
   1065.040  0.0000E+00     1.7148E-03  1.7148E-03 -2.1861E-07
   1065.100  0.0000E+00     1.7807E-03  1.7807E-03  9.0798E-08
   1065.160  0.0000E+00     1.8453E-03  1.8453E-03 -5.4102E-08
   1065.220  0.0000E+00     1.9100E-03  1.9100E-03 -1.9929E-07
   1065.280  0.0000E+00     1.9816E-03  1.9816E-03  1.6044E-07
   1065.340  0.0000E+00     2.0547E-03  2.0547E-03 -3.9596E-09
   1065.400  0.0000E+00     2.1279E-03  2.1279E-03 -1.6868E-07
   1065.460  0.0000E+00     2.2055E-03  2.2055E-03  2.4195E-07
   1065.520  0.0000E+00     2.2881E-03  2.2881E-03  5.7119E-08
   1065.580  0.0000E+00     2.3708E-03  2.3708E-03 -1.2808E-07
   1065.640  0.0000E+00     2.4534E-03  2.4534E-03 -3.1291E-07
   1065.700  0.0000E+00     2.5484E-03  2.5484E-03  1.3166E-07
   1065.760  0.0000E+00     2.6419E-03  2.6419E-03 -7.7784E-08
   1065.820  0.0000E+00     2.7352E-03  2.7352E-03 -2.8681E-07
   1065.880  0.0000E+00     2.8384E-03  2.8384E-03  2.2602E-07
   1065.940  0.0000E+00     2.9438E-03  2.9438E-03 -6.6334E-09
   1066.000  0.0000E+00     3.0494E-03  3.0494E-03 -2.3975E-07
   1066.060  0.0000E+00     3.1611E-03  3.1611E-03  3.4565E-07
   1066.120  0.0000E+00     3.2800E-03  3.2800E-03  8.3281E-08
   1066.180  0.0000E+00     3.3992E-03  3.3992E-03 -1.7961E-07
   1066.240  0.0000E+00     3.5180E-03  3.5180E-03 -4.4198E-07
   1066.300  0.0000E+00     3.6545E-03  3.6545E-03  1.9016E-07
   1066.360  0.0000E+00     3.7889E-03  3.7889E-03 -1.0885E-07
   1066.420  0.0000E+00     3.9230E-03  3.9230E-03 -4.0727E-07
   1066.480  0.0000E+00     4.0712E-03  4.0712E-03  3.1621E-07
   1066.540  0.0000E+00     4.2227E-03  4.2227E-03 -1.3340E-08
   1066.600  0.0000E+00     4.3740E-03  4.3740E-03 -3.4224E-07
   1066.660  0.0000E+00     4.5342E-03  4.5342E-03  4.8898E-07
   1066.720  0.0000E+00     4.7049E-03  4.7049E-03  1.1985E-07
   1066.780  0.0000E+00     4.8753E-03  4.8753E-03 -2.4855E-07
   1066.840  0.0000E+00     5.0457E-03  5.0457E-03 -6.1695E-07
   1066.900  0.0000E+00     5.2401E-03  5.2401E-03  2.6083E-07
   1066.960  0.0000E+00     5.4316E-03  5.4316E-03 -1.4854E-07
   1067.020  0.0000E+00     5.6231E-03  5.6231E-03 -5.5791E-07
   1067.080  0.0000E+00     5.8346E-03  5.8346E-03  4.4395E-07
   1067.140  0.0000E+00     6.0497E-03  6.0497E-03 -1.5723E-08
   1067.200  0.0000E+00     6.2649E-03  6.2649E-03 -4.7540E-07
   1067.260  0.0000E+00     6.4922E-03  6.4922E-03  6.5953E-07
   1067.320  0.0000E+00     6.7342E-03  6.7342E-03  1.5633E-07
   1067.380  0.0000E+00     6.9757E-03  6.9757E-03 -3.4587E-07
   1067.440  0.0000E+00     7.2172E-03  7.2172E-03 -8.4808E-07
   1067.500  0.0000E+00     7.4911E-03  7.4911E-03  3.6283E-07
   1067.560  0.0000E+00     7.7614E-03  7.7614E-03 -1.8945E-07
   1067.620  0.0000E+00     8.0318E-03  8.0318E-03 -7.4172E-07
   1067.680  0.0000E+00     8.3279E-03  8.3279E-03  5.9916E-07
   1067.740  0.0000E+00     8.6300E-03  8.6300E-03 -1.7381E-08
   1067.800  0.0000E+00     8.9320E-03  8.9320E-03 -6.3392E-07
   1067.860  0.0000E+00     9.2498E-03  9.2498E-03  8.5370E-07
   1067.920  0.0000E+00     9.5865E-03  9.5865E-03  2.0305E-07
   1067.980  0.0000E+00     9.9232E-03  9.9232E-03 -4.4761E-07
   1068.040  0.0000E+00     1.0261E-02  1.0261E-02 -1.0996E-06
   1068.100  0.0000E+00     1.0638E-02  1.0638E-02  4.7467E-07
   1068.160  0.0000E+00     1.1012E-02  1.1012E-02 -2.3726E-07
   1068.220  0.0000E+00     1.1387E-02  1.1387E-02 -9.5061E-07
   1068.280  0.0000E+00     1.1792E-02  1.1792E-02  7.6332E-07
   1068.340  0.0000E+00     1.2206E-02  1.2206E-02 -1.1087E-08
   1068.400  0.0000E+00     1.2621E-02  1.2621E-02 -7.8703E-07
   1068.460  0.0000E+00     1.3053E-02  1.3053E-02  1.0674E-06
   1068.520  0.0000E+00     1.3510E-02  1.3510E-02  2.6267E-07
   1068.580  0.0000E+00     1.3968E-02  1.3968E-02 -5.4203E-07
   1068.640  0.0000E+00     1.4427E-02  1.4427E-02 -1.3483E-06
   1068.700  0.0000E+00     1.4932E-02  1.4932E-02  5.5874E-07
   1068.760  0.0000E+00     1.5435E-02  1.5435E-02 -2.8550E-07
   1068.820  0.0000E+00     1.5938E-02  1.5938E-02 -1.1314E-06
   1068.880  0.0000E+00     1.6474E-02  1.6474E-02  8.7902E-07
   1068.940  0.0000E+00     1.7024E-02  1.7024E-02  5.0454E-09
   1069.000  0.0000E+00     1.7574E-02  1.7574E-02 -8.7066E-07
   1069.060  0.0000E+00     1.8140E-02  1.8140E-02  1.1849E-06
   1069.120  0.0000E+00     1.8737E-02  1.8737E-02  3.0515E-07
   1069.180  0.0000E+00     1.9336E-02  1.9336E-02 -5.7638E-07
   1069.240  0.0000E+00     1.9934E-02  1.9934E-02 -1.4562E-06
   1069.300  0.0000E+00     2.0578E-02  2.0578E-02  5.9691E-07
   1069.360  0.0000E+00     2.1225E-02  2.1225E-02 -2.7702E-07
   1069.420  0.0000E+00     2.1870E-02  2.1870E-02 -1.1492E-06
   1069.480  0.0000E+00     2.2543E-02  2.2543E-02  8.7054E-07
   1069.540  0.0000E+00     2.3237E-02  2.3237E-02  2.8346E-08
   1069.600  0.0000E+00     2.3930E-02  2.3930E-02 -8.1218E-07
   1069.660  0.0000E+00     2.4630E-02  2.4630E-02  1.0872E-06
   1069.720  0.0000E+00     2.5368E-02  2.5368E-02  3.0893E-07
   1069.780  0.0000E+00     2.6105E-02  2.6105E-02 -4.6776E-07
   1069.840  0.0000E+00     2.6842E-02  2.6842E-02 -1.2444E-06
   1069.900  0.0000E+00     2.7611E-02  2.7611E-02  4.8883E-07
   1069.960  0.0000E+00     2.8389E-02  2.8389E-02 -2.0090E-07
   1070.020  0.0000E+00     2.9166E-02  2.9166E-02 -8.8926E-07
   1070.080  0.0000E+00     2.9956E-02  2.9956E-02  5.9926E-07
   1070.140  0.0000E+00     3.0769E-02  3.0769E-02  3.4675E-08
   1070.200  0.0000E+00     3.1580E-02  3.1580E-02 -5.2879E-07
   1070.260  0.0000E+00     3.2387E-02  3.2387E-02  6.3281E-07
   1070.320  0.0000E+00     3.3227E-02  3.3227E-02  2.2044E-07
   1070.380  0.0000E+00     3.4065E-02  3.4065E-02 -1.9111E-07
   1070.440  0.0000E+00     3.4903E-02  3.4903E-02 -6.0266E-07
   1070.500  0.0000E+00     3.5743E-02  3.5743E-02  2.2916E-07
   1070.560  0.0000E+00     3.6598E-02  3.6598E-02  8.6042E-09
   1070.620  0.0000E+00     3.7454E-02  3.7454E-02 -2.1196E-07
   1070.680  0.0000E+00     3.8300E-02  3.8300E-02  1.1761E-07
   1070.740  0.0000E+00     3.9163E-02  3.9163E-02  6.4423E-08
   1070.800  0.0000E+00     4.0025E-02  4.0025E-02  1.1240E-08
   1070.860  0.0000E+00     4.0869E-02  4.0869E-02 -2.3027E-07
   1070.920  0.0000E+00     4.1727E-02  4.1727E-02 -6.9616E-09
   1070.980  0.0000E+00     4.2586E-02  4.2586E-02  2.1634E-07
   1071.040  0.0000E+00     4.3445E-02  4.3445E-02  4.4009E-07
   1071.100  0.0000E+00     4.4268E-02  4.4268E-02 -1.8545E-07
   1071.160  0.0000E+00     4.5109E-02  4.5109E-02  2.3366E-07
   1071.220  0.0000E+00     4.5951E-02  4.5951E-02  6.5277E-07
   1071.280  0.0000E+00     4.6756E-02  4.6756E-02 -5.5601E-07
   1071.340  0.0000E+00     4.7568E-02  4.7568E-02  6.1851E-08
   1071.400  0.0000E+00     4.8381E-02  4.8381E-02  6.7971E-07
   1071.460  0.0000E+00     4.9165E-02  4.9165E-02 -1.1415E-06
   1071.520  0.0000E+00     4.9936E-02  4.9936E-02 -2.6448E-07
   1071.580  0.0000E+00     5.0707E-02  5.0707E-02  6.1257E-07
   1071.640  0.0000E+00     5.1479E-02  5.1479E-02  1.4914E-06
   1071.700  0.0000E+00     5.2185E-02  5.2185E-02 -5.8842E-07
   1071.760  0.0000E+00     5.2905E-02  5.2905E-02  4.3779E-07
   1071.820  0.0000E+00     5.3627E-02  5.3627E-02  1.4660E-06
   1071.880  0.0000E+00     5.4291E-02  5.4291E-02 -1.1767E-06
   1071.940  0.0000E+00     5.4949E-02  5.4949E-02  2.3362E-08
   1072.000  0.0000E+00     5.5609E-02  5.5609E-02  1.2258E-06
   1072.060  0.0000E+00     5.6238E-02  5.6238E-02 -1.7241E-06
   1072.120  0.0000E+00     5.6828E-02  5.6828E-02 -4.2849E-07
   1072.180  0.0000E+00     5.7419E-02  5.7419E-02  8.6966E-07
   1072.240  0.0000E+00     5.8009E-02  5.8009E-02  2.1652E-06
   1072.300  0.0000E+00     5.8520E-02  5.8520E-02 -9.1571E-07
   1072.360  0.0000E+00     5.9037E-02  5.9037E-02  4.8966E-07
   1072.420  0.0000E+00     5.9553E-02  5.9553E-02  1.8923E-06
   1072.480  0.0000E+00     6.0015E-02  6.0015E-02 -1.4596E-06
   1072.540  0.0000E+00     6.0453E-02  6.0453E-02 -9.7274E-09
   1072.600  0.0000E+00     6.0892E-02  6.0892E-02  1.4430E-06
   1072.660  0.0000E+00     6.1305E-02  6.1305E-02 -1.9477E-06
   1072.720  0.0000E+00     6.1664E-02  6.1664E-02 -4.9764E-07
   1072.780  0.0000E+00     6.2024E-02  6.2024E-02  9.5527E-07
   1072.840  0.0000E+00     6.2383E-02  6.2383E-02  2.4053E-06
   1072.900  0.0000E+00     6.2663E-02  6.2663E-02 -1.0106E-06
   1072.960  0.0000E+00     6.2942E-02  6.2942E-02  4.6592E-07
   1073.020  0.0000E+00     6.3221E-02  6.3221E-02  1.9395E-06
   1073.080  0.0000E+00     6.3451E-02  6.3451E-02 -1.4658E-06
   1073.140  0.0000E+00     6.3650E-02  6.3650E-02 -1.8004E-08
   1073.200  0.0000E+00     6.3850E-02  6.3850E-02  1.4269E-06
   1073.260  0.0000E+00     6.4025E-02  6.4025E-02 -1.9298E-06
   1073.320  0.0000E+00     6.4146E-02  6.4146E-02 -4.9085E-07
   1073.380  0.0000E+00     6.4267E-02  6.4267E-02  9.4524E-07
   1073.440  0.0000E+00     6.4388E-02  6.4388E-02  2.3813E-06
   1073.500  0.0000E+00     6.4432E-02  6.4432E-02 -9.8039E-07
   1073.560  0.0000E+00     6.4474E-02  6.4474E-02  4.6071E-07
   1073.620  0.0000E+00     6.4516E-02  6.4516E-02  1.9018E-06
   1073.680  0.0000E+00     6.4504E-02  6.4504E-02 -1.4633E-06
   1073.740  0.0000E+00     6.4467E-02  6.4467E-02  9.1681E-09
   1073.800  0.0000E+00     6.4430E-02  6.4430E-02  1.4817E-06
   1073.860  0.0000E+00     6.4359E-02  6.4359E-02 -2.0769E-06
   1073.920  0.0000E+00     6.4239E-02  6.4239E-02 -4.9877E-07
   1073.980  0.0000E+00     6.4119E-02  6.4119E-02  1.0762E-06
   1074.040  0.0000E+00     6.3999E-02  6.3999E-02  2.6512E-06
   1074.100  0.0000E+00     6.3777E-02  6.3777E-02 -1.1059E-06
   1074.160  0.0000E+00     6.3567E-02  6.3567E-02  6.3047E-07
   1074.220  0.0000E+00     6.3357E-02  6.3357E-02  2.3669E-06
   1074.280  0.0000E+00     6.3057E-02  6.3057E-02 -1.9283E-06
   1074.340  0.0000E+00     6.2745E-02  6.2745E-02  9.9343E-08
   1074.400  0.0000E+00     6.2433E-02  6.2433E-02  2.1270E-06
   1074.460  0.0000E+00     6.2051E-02  6.2051E-02 -3.0839E-06
   1074.520  0.0000E+00     6.1618E-02  6.1618E-02 -6.7584E-07
   1074.580  0.0000E+00     6.1185E-02  6.1185E-02  1.7322E-06
   1074.640  0.0000E+00     6.0751E-02  6.0751E-02  4.1450E-06
   1074.700  0.0000E+00     6.0137E-02  6.0137E-02 -1.7832E-06
   1074.760  0.0000E+00     5.9559E-02  5.9559E-02  1.1151E-06
   1074.820  0.0000E+00     5.8981E-02  5.8981E-02  4.0192E-06
   1074.880  0.0000E+00     5.8248E-02  5.8248E-02 -3.2825E-06
   1074.940  0.0000E+00     5.7498E-02  5.7498E-02  1.5149E-07
   1075.000  0.0000E+00     5.6748E-02  5.6748E-02  3.5855E-06
   1075.060  0.0000E+00     5.5897E-02  5.5897E-02 -5.0366E-06
   1075.120  0.0000E+00     5.4947E-02  5.4947E-02 -1.1892E-06
   1075.180  0.0000E+00     5.3997E-02  5.3997E-02  2.6582E-06
   1075.240  0.0000E+00     5.3045E-02  5.3045E-02  6.5133E-06
   1075.300  0.0000E+00     5.1873E-02  5.1873E-02 -2.7778E-06
   1075.360  0.0000E+00     5.0706E-02  5.0706E-02  1.2175E-06
   1075.420  0.0000E+00     4.9537E-02  4.9537E-02  5.2208E-06
   1075.480  0.0000E+00     4.8270E-02  4.8270E-02 -3.8950E-06
   1075.540  0.0000E+00     4.6893E-02  4.6893E-02 -2.7791E-07
   1075.600  0.0000E+00     4.5514E-02  4.5514E-02  3.3464E-06
   1075.660  0.0000E+00     4.4159E-02  4.4159E-02 -4.0700E-06
   1075.720  0.0000E+00     4.2607E-02  4.2607E-02 -1.3510E-06
   1075.780  0.0000E+00     4.1052E-02  4.1052E-02  1.3735E-06
   1075.840  0.0000E+00     3.9500E-02  3.9500E-02  4.0925E-06
   1075.900  0.0000E+00     3.7966E-02  3.7966E-02 -1.3205E-06
   1075.960  0.0000E+00     3.6303E-02  3.6303E-02 -1.7350E-07
   1076.020  0.0000E+00     3.4644E-02  3.4644E-02  9.7125E-07
   1076.080  0.0000E+00     3.3119E-02  3.3119E-02 -1.4900E-07
   1076.140  0.0000E+00     3.1438E-02  3.1438E-02 -6.9814E-07
   1076.200  0.0000E+00     2.9760E-02  2.9760E-02 -1.2462E-06
   1076.260  0.0000E+00     2.8248E-02  2.8248E-02  2.3796E-06
   1076.320  0.0000E+00     2.6647E-02  2.6647E-02  2.2537E-07
   1076.380  0.0000E+00     2.5042E-02  2.5042E-02 -1.9331E-06
   1076.440  0.0000E+00     2.3441E-02  2.3441E-02 -4.0873E-06
   1076.500  0.0000E+00     2.2097E-02  2.2097E-02  2.0962E-06
   1076.560  0.0000E+00     2.0650E-02  2.0650E-02 -1.3901E-06
   1076.620  0.0000E+00     1.9207E-02  1.9207E-02 -4.8695E-06
   1076.680  0.0000E+00     1.7948E-02  1.7948E-02  3.8937E-06
   1076.740  0.0000E+00     1.6709E-02  1.6709E-02 -1.6231E-07
   1076.800  0.0000E+00     1.5472E-02  1.5472E-02 -4.2102E-06
   1076.860  0.0000E+00     1.4316E-02  1.4316E-02  5.6841E-06
   1076.920  0.0000E+00     1.3305E-02  1.3305E-02  1.5282E-06
   1076.980  0.0000E+00     1.2296E-02  1.2296E-02 -2.6195E-06
   1077.040  0.0000E+00     1.1286E-02  1.1286E-02 -6.7671E-06
   1077.100  0.0000E+00     1.0454E-02  1.0454E-02  2.7613E-06
   1077.160  0.0000E+00     9.6624E-03  9.6624E-03 -1.0146E-06
   1077.220  0.0000E+00     8.8709E-03  8.8709E-03 -4.7905E-06
   1077.280  0.0000E+00     8.1522E-03  8.1522E-03  3.4333E-06
   1077.340  0.0000E+00     7.5512E-03  7.5512E-03  2.3586E-07
   1077.400  0.0000E+00     6.9501E-03  6.9501E-03 -2.9616E-06
   1077.460  0.0000E+00     6.3439E-03  6.3439E-03  3.6788E-06
   1077.520  0.0000E+00     5.9005E-03  5.9005E-03  1.1183E-06
   1077.580  0.0000E+00     5.4570E-03  5.4570E-03 -1.4421E-06
   1077.640  0.0000E+00     5.0136E-03  5.0136E-03 -4.0025E-06
   1077.700  0.0000E+00     4.6362E-03  4.6362E-03  1.5010E-06
   1077.760  0.0000E+00     4.3147E-03  4.3147E-03 -4.3027E-07
   1077.820  0.0000E+00     3.9931E-03  3.9931E-03 -2.3616E-06
   1077.880  0.0000E+00     3.6880E-03  3.6880E-03  1.6332E-06
   1077.940  0.0000E+00     3.4584E-03  3.4584E-03  1.8619E-07
   1078.000  0.0000E+00     3.2287E-03  3.2287E-03 -1.2608E-06
   1078.060  0.0000E+00     2.9845E-03  2.9845E-03  1.4998E-06
   1078.120  0.0000E+00     2.8216E-03  2.8216E-03  4.7284E-07
   1078.180  0.0000E+00     2.6587E-03  2.6587E-03 -5.5413E-07
   1078.240  0.0000E+00     2.4955E-03  2.4955E-03 -1.5831E-06
   1078.300  0.0000E+00     2.3536E-03  2.3536E-03  5.7835E-07
   1078.360  0.0000E+00     2.2380E-03  2.2380E-03 -1.4441E-07
   1078.420  0.0000E+00     2.1221E-03  2.1221E-03 -8.6860E-07
   1078.480  0.0000E+00     2.0093E-03  2.0093E-03  5.7907E-07
   1078.540  0.0000E+00     1.9269E-03  1.9269E-03  7.4556E-08
   1078.600  0.0000E+00     1.8443E-03  1.8443E-03 -4.3096E-07
   1078.660  0.0000E+00     1.7556E-03  1.7556E-03  5.0824E-07
   1078.720  0.0000E+00     1.6961E-03  1.6961E-03  1.6227E-07
   1078.780  0.0000E+00     1.6364E-03  1.6364E-03 -1.8439E-07
   1078.840  0.0000E+00     1.5768E-03  1.5768E-03 -5.3037E-07
   1078.900  0.0000E+00     1.5239E-03  1.5239E-03  1.9482E-07
   1078.960  0.0000E+00     1.4802E-03  1.4802E-03 -4.6542E-08
   1079.020  0.0000E+00     1.4364E-03  1.4364E-03 -2.8839E-07
   1079.080  0.0000E+00     1.3936E-03  1.3936E-03  1.8965E-07
   1079.140  0.0000E+00     1.3609E-03  1.3609E-03  2.2260E-08
   1079.200  0.0000E+00     1.3281E-03  1.3281E-03 -1.4546E-07
   1079.260  0.0000E+00     1.2937E-03  1.2937E-03  1.7189E-07
   1079.320  0.0000E+00     1.2686E-03  1.2686E-03  5.4430E-08
   1079.380  0.0000E+00     1.2436E-03  1.2436E-03 -6.3266E-08
   1079.440  0.0000E+00     1.2185E-03  1.2185E-03 -1.8073E-07
   1079.500  0.0000E+00     1.1960E-03  1.1960E-03  6.8053E-08
   1079.560  0.0000E+00     1.1764E-03  1.1764E-03 -1.6595E-08
   1079.620  0.0000E+00     1.1568E-03  1.1568E-03 -1.0107E-07
   1079.680  0.0000E+00     1.1378E-03  1.1378E-03  6.7029E-08
   1079.740  0.0000E+00     1.1221E-03  1.1221E-03  6.2582E-09
   1079.800  0.0000E+00     1.1064E-03  1.1064E-03 -5.4392E-08
   1079.860  0.0000E+00     1.0903E-03  1.0903E-03  6.5358E-08
   1079.920  0.0000E+00     1.0775E-03  1.0775E-03  2.0556E-08
   1079.980  0.0000E+00     1.0647E-03  1.0647E-03 -2.4157E-08
   1080.040  0.0000E+00     1.0519E-03  1.0519E-03 -6.8869E-08
   1080.100  0.0000E+00     1.0401E-03  1.0401E-03  2.5938E-08
   1080.160  0.0000E+00     1.0294E-03  1.0294E-03 -7.1101E-09
   1080.220  0.0000E+00     1.0187E-03  1.0187E-03 -4.0158E-08
   1080.280  0.0000E+00     1.0083E-03  1.0083E-03  2.7214E-08
   1080.340  0.0000E+00     9.9918E-04  9.9918E-04  2.1186E-09
   1080.400  0.0000E+00     9.9004E-04  9.9004E-04 -2.2927E-08
   1080.460  0.0000E+00     9.8080E-04  9.8080E-04  2.7834E-08
   1080.520  0.0000E+00     9.7286E-04  9.7286E-04  8.5626E-09
   1080.580  0.0000E+00     9.6492E-04  9.6492E-04 -1.0670E-08
   1080.640  0.0000E+00     9.5699E-04  9.5699E-04 -2.9903E-08
   1080.700  0.0000E+00     9.4955E-04  9.4955E-04  1.1169E-08
   1080.760  0.0000E+00     9.4253E-04  9.4253E-04 -3.4163E-09
   1080.820  0.0000E+00     9.3551E-04  9.3551E-04 -1.8002E-08
   1080.880  0.0000E+00     9.2869E-04  9.2869E-04  1.3119E-08
   1080.940  0.0000E+00     9.2239E-04  9.2239E-04  1.1827E-09
   1081.000  0.0000E+00     9.1609E-04  9.1609E-04 -1.0754E-08
   1081.060  0.0000E+00     9.0976E-04  9.0976E-04  1.3133E-08
   1081.120  0.0000E+00     9.0403E-04  9.0403E-04  3.7834E-09
   1081.180  0.0000E+00     8.9831E-04  8.9831E-04 -5.5661E-09
   1081.240  0.0000E+00     8.9258E-04  8.9258E-04 -1.4934E-08
   1081.300  0.0000E+00     8.8715E-04  8.8715E-04  5.6183E-09
   1081.360  0.0000E+00     8.8189E-04  8.8189E-04 -1.8391E-09
   1081.420  0.0000E+00     8.7661E-04  8.7661E-04 -9.3113E-09
   1081.480  0.0000E+00     8.7148E-04  8.7148E-04  7.1628E-09
   1081.540  0.0000E+00     8.6660E-04  8.6660E-04  6.8633E-10
   1081.600  0.0000E+00     8.6171E-04  8.6171E-04 -5.7902E-09
   1081.660  0.0000E+00     8.5683E-04  8.5683E-04  7.0223E-09
   1081.720  0.0000E+00     8.5225E-04  8.5225E-04  1.7963E-09
   1081.780  0.0000E+00     8.4768E-04  8.4768E-04 -3.4298E-09
   1081.840  0.0000E+00     8.4310E-04  8.4310E-04 -8.6662E-09
   1081.900  0.0000E+00     8.3874E-04  8.3874E-04  3.4323E-09
   1081.960  0.0000E+00     8.3444E-04  8.3444E-04 -1.1082E-09
   1082.020  0.0000E+00     8.3013E-04  8.3013E-04 -5.6576E-09
   1082.080  0.0000E+00     8.2591E-04  8.2591E-04  4.2485E-09
   1082.140  0.0000E+00     8.2184E-04  8.2184E-04  3.3007E-10
   1082.200  0.0000E+00     8.1776E-04  8.1776E-04 -3.5961E-09
   1082.260  0.0000E+00     8.1371E-04  8.1371E-04  4.6820E-09
   1082.320  0.0000E+00     8.0983E-04  8.0983E-04  1.2263E-09
   1082.380  0.0000E+00     8.0595E-04  8.0595E-04 -2.2364E-09
   1082.440  0.0000E+00     8.0208E-04  8.0208E-04 -5.6921E-09
   1082.500  0.0000E+00     7.9836E-04  7.9836E-04  2.2394E-09
   1082.560  0.0000E+00     7.9465E-04  7.9465E-04 -8.6657E-10
   1082.620  0.0000E+00     7.9096E-04  7.9096E-04 -3.9663E-09
   1082.680  0.0000E+00     7.8734E-04  7.8734E-04  2.9012E-09
   1082.740  0.0000E+00     7.8380E-04  7.8380E-04  1.0143E-10
   1082.800  0.0000E+00     7.8027E-04  7.8027E-04 -2.6928E-09
   1082.860  0.0000E+00     7.7676E-04  7.7676E-04  3.5335E-09
   1082.920  0.0000E+00     7.7337E-04  7.7337E-04  9.6843E-10
   1082.980  0.0000E+00     7.6998E-04  7.6998E-04 -1.6017E-09
   1083.040  0.0000E+00     7.6659E-04  7.6659E-04 -4.1668E-09
   1083.100  0.0000E+00     7.6332E-04  7.6332E-04  1.7325E-09
   1083.160  0.0000E+00     7.6006E-04  7.6006E-04 -6.7348E-10
   1083.220  0.0000E+00     7.5681E-04  7.5681E-04 -3.0747E-09
   1083.280  0.0000E+00     7.5362E-04  7.5362E-04  2.1369E-09
   1083.340  0.0000E+00     7.5049E-04  7.5049E-04 -1.5502E-11
   1083.400  0.0000E+00     7.4736E-04  7.4736E-04 -2.1637E-09
   1083.460  0.0000E+00     7.4426E-04  7.4426E-04  2.9408E-09
   1083.520  0.0000E+00     7.4124E-04  7.4124E-04  8.2121E-10
   1083.580  0.0000E+00     7.3823E-04  7.3823E-04 -1.2942E-09
   1083.640  0.0000E+00     7.3522E-04  7.3522E-04 -3.4095E-09
   1083.700  0.0000E+00     7.3230E-04  7.3230E-04  1.3572E-09
   1083.760  0.0000E+00     7.2940E-04  7.2940E-04 -6.0393E-10
   1083.820  0.0000E+00     7.2650E-04  7.2650E-04 -2.5651E-09
   1083.880  0.0000E+00     7.2365E-04  7.2365E-04  1.9303E-09
   1083.940  0.0000E+00     7.2085E-04  7.2085E-04  5.0618E-11
   1084.000  0.0000E+00     7.1806E-04  7.1806E-04 -1.8290E-09
   1084.060  0.0000E+00     7.1528E-04  7.1528E-04  2.4341E-09
   1084.120  0.0000E+00     7.1259E-04  7.1259E-04  6.2115E-10
   1084.180  0.0000E+00     7.0989E-04  7.0989E-04 -1.1918E-09
   1084.240  0.0000E+00     7.0720E-04  7.0720E-04 -3.0048E-09
   1084.300  0.0000E+00     7.0458E-04  7.0458E-04  1.1449E-09
   1084.360  0.0000E+00     7.0198E-04  7.0198E-04 -5.1503E-10
   1084.420  0.0000E+00     6.9938E-04  6.9938E-04 -2.1749E-09
   1084.480  0.0000E+00     6.9683E-04  6.9683E-04  1.8189E-09
   1084.540  0.0000E+00     6.9432E-04  6.9432E-04  1.4147E-10
   1084.600  0.0000E+00     6.9181E-04  6.9181E-04 -1.5360E-09
   1084.660  0.0000E+00     6.8932E-04  6.8932E-04  2.0277E-09
   1084.720  0.0000E+00     6.8690E-04  6.8690E-04  4.4108E-10
   1084.780  0.0000E+00     6.8447E-04  6.8447E-04 -1.1455E-09
   1084.840  0.0000E+00     6.8205E-04  6.8205E-04 -2.7353E-09
   1084.900  0.0000E+00     6.7971E-04  6.7971E-04  1.1222E-09
   1084.960  0.0000E+00     6.7738E-04  6.7738E-04 -4.1430E-10
   1085.020  0.0000E+00     6.7504E-04  6.7504E-04 -1.9539E-09
   1085.080  0.0000E+00     6.7275E-04  6.7275E-04  1.5695E-09
   1085.140  0.0000E+00     6.7049E-04  6.7049E-04  8.7951E-11
   1085.200  0.0000E+00     6.6824E-04  6.6824E-04 -1.3966E-09
   1085.260  0.0000E+00     6.6601E-04  6.6601E-04  1.8405E-09
   1085.320  0.0000E+00     6.6383E-04  6.6383E-04  4.0042E-10
   1085.380  0.0000E+00     6.6166E-04  6.6166E-04 -1.0425E-09
   1085.440  0.0000E+00     6.5948E-04  6.5948E-04 -2.4826E-09
   1085.500  0.0000E+00     6.5739E-04  6.5739E-04  1.0120E-09
   1085.560  0.0000E+00     6.5529E-04  6.5529E-04 -4.0491E-10
   1085.620  0.0000E+00     6.5319E-04  6.5319E-04 -1.8246E-09
   1085.680  0.0000E+00     6.5114E-04  6.5114E-04  1.3323E-09
   1085.740  0.0000E+00     6.4911E-04  6.4911E-04  4.8406E-11
   1085.800  0.0000E+00     6.4709E-04  6.4709E-04 -1.2381E-09
   1085.860  0.0000E+00     6.4509E-04  6.4509E-04  1.8919E-09
   1085.920  0.0000E+00     6.4314E-04  6.4314E-04  5.1285E-10
   1085.980  0.0000E+00     6.4119E-04  6.4119E-04 -8.6893E-10
   1086.040  0.0000E+00     6.3924E-04  6.3924E-04 -2.2480E-09
   1086.100  0.0000E+00     6.3736E-04  6.3736E-04  8.3210E-10
   1086.160  0.0000E+00     6.3548E-04  6.3548E-04 -4.4269E-10
   1086.220  0.0000E+00     6.3360E-04  6.3360E-04 -1.7149E-09
   1086.280  0.0000E+00     6.3177E-04  6.3177E-04  1.2271E-09
   1086.340  0.0000E+00     6.2996E-04  6.2996E-04  2.1283E-11
   1086.400  0.0000E+00     6.2815E-04  6.2815E-04 -1.1822E-09
   1086.460  0.0000E+00     6.2636E-04  6.2636E-04  1.6893E-09
   1086.520  0.0000E+00     6.2461E-04  6.2461E-04  4.5960E-10
   1086.580  0.0000E+00     6.2287E-04  6.2287E-04 -7.6764E-10
   1086.640  0.0000E+00     6.2113E-04  6.2113E-04 -1.9949E-09
   1086.700  0.0000E+00     6.1944E-04  6.1944E-04  7.5994E-10
   1086.760  0.0000E+00     6.1776E-04  6.1776E-04 -4.1104E-10
   1086.820  0.0000E+00     6.1609E-04  6.1609E-04 -1.5820E-09
   1086.880  0.0000E+00     6.1445E-04  6.1445E-04  1.2130E-09
   1086.940  0.0000E+00     6.1283E-04  6.1283E-04  6.3643E-11
   1087.000  0.0000E+00     6.1122E-04  6.1122E-04 -1.0835E-09
   1087.060  0.0000E+00     6.0962E-04  6.0962E-04  1.5425E-09
   1087.120  0.0000E+00     6.0806E-04  6.0806E-04  4.2855E-10
   1087.180  0.0000E+00     6.0651E-04  6.0651E-04 -6.8322E-10
   1087.240  0.0000E+00     6.0496E-04  6.0496E-04 -1.7950E-09
   1087.300  0.0000E+00     6.0346E-04  6.0346E-04  7.0455E-10
   1087.360  0.0000E+00     6.0197E-04  6.0197E-04 -3.8025E-10
   1087.420  0.0000E+00     6.0048E-04  6.0048E-04 -1.4651E-09
   1087.480  0.0000E+00     5.9902E-04  5.9902E-04  1.0885E-09
   1087.540  0.0000E+00     5.9759E-04  5.9759E-04  2.7069E-11
   1087.600  0.0000E+00     5.9615E-04  5.9615E-04 -1.0344E-09
   1087.660  0.0000E+00     5.9473E-04  5.9473E-04  1.3862E-09
   1087.720  0.0000E+00     5.9336E-04  5.9336E-04  3.5584E-10
   1087.780  0.0000E+00     5.9198E-04  5.9198E-04 -6.7448E-10
   1087.840  0.0000E+00     5.9060E-04  5.9060E-04  1.7058E-09
   1087.900  0.0000E+00     5.8928E-04  5.8928E-04  6.9655E-10
   1087.960  0.0000E+00     5.8796E-04  5.8796E-04 -3.1273E-10
   1088.020  0.0000E+00     5.8663E-04  5.8663E-04 -1.3240E-09
   1088.080  0.0000E+00     5.8534E-04  5.8534E-04  1.0314E-09
   1088.140  0.0000E+00     5.8408E-04  5.8408E-04  4.9990E-11
   1088.200  0.0000E+00     5.8281E-04  5.8281E-04 -9.3139E-10
   1088.260  0.0000E+00     5.8156E-04  5.8156E-04  1.2696E-09
   1088.320  0.0000E+00     5.8034E-04  5.8034E-04  3.0570E-10
   1088.380  0.0000E+00     5.7913E-04  5.7913E-04 -6.5823E-10
   1088.440  0.0000E+00     5.7791E-04  5.7791E-04  1.5887E-09
   1088.500  0.0000E+00     5.7675E-04  5.7675E-04  6.4942E-10
   1088.560  0.0000E+00     5.7559E-04  5.7559E-04 -2.8990E-10
   1088.620  0.0000E+00     5.7443E-04  5.7443E-04 -1.2311E-09
   1088.680  0.0000E+00     5.7330E-04  5.7330E-04  9.2996E-10
   1088.740  0.0000E+00     5.7219E-04  5.7219E-04  2.6076E-11
   1088.800  0.0000E+00     5.7107E-04  5.7107E-04 -8.7960E-10
   1088.860  0.0000E+00     5.6998E-04  5.6998E-04  1.2523E-09
   1088.920  0.0000E+00     5.6892E-04  5.6892E-04  3.2678E-10
   1088.980  0.0000E+00     5.6785E-04  5.6785E-04 -6.0062E-10
   1089.040  0.0000E+00     5.6679E-04  5.6679E-04 -1.5262E-09
   1089.100  0.0000E+00     5.6578E-04  5.6578E-04  5.7781E-10
   1089.160  0.0000E+00     5.6476E-04  5.6476E-04 -3.0094E-10
   1089.220  0.0000E+00     5.6375E-04  5.6375E-04 -1.1779E-09
   1089.280  0.0000E+00     5.6277E-04  5.6277E-04  8.5382E-10
   1089.340  0.0000E+00     5.6180E-04  5.6180E-04  1.2034E-11
   1089.400  0.0000E+00     5.6084E-04  5.6084E-04 -8.3142E-10
   1089.460  0.0000E+00     5.5988E-04  5.5988E-04  1.1946E-09
   1089.520  0.0000E+00     5.5897E-04  5.5897E-04  3.3860E-10
   1089.580  0.0000E+00     5.5805E-04  5.5805E-04 -5.1908E-10
   1089.640  0.0000E+00     5.5713E-04  5.5713E-04 -1.3750E-09
   1089.700  0.0000E+00     5.5625E-04  5.5625E-04  5.2052E-10
   1089.760  0.0000E+00     5.5538E-04  5.5538E-04 -3.0830E-10
   1089.820  0.0000E+00     5.5451E-04  5.5451E-04 -1.1355E-09
   1089.880  0.0000E+00     5.5366E-04  5.5366E-04  8.5326E-10
   1089.940  0.0000E+00     5.5283E-04  5.5283E-04  2.7142E-11
   1090.000  0.0000E+00     5.5201E-04  5.5201E-04 -7.9734E-10
   1060.000  5.0000E-01     1.2771E-04  1.2719E-04 -1.1586E-05
   1060.060  5.0000E-01     1.3051E-04  1.2995E-04 -1.2001E-05
   1060.120  5.0000E-01     1.3346E-04  1.3288E-04 -1.2460E-05
   1060.180  5.0000E-01     1.3651E-04  1.3589E-04 -1.2939E-05
   1060.240  5.0000E-01     1.3962E-04  1.3897E-04 -1.3418E-05
   1060.300  5.0000E-01     1.4291E-04  1.4223E-04 -1.3909E-05
   1060.360  5.0000E-01     1.4633E-04  1.4562E-04 -1.4450E-05
   1060.420  5.0000E-01     1.4982E-04  1.4907E-04 -1.4992E-05
   1060.480  5.0000E-01     1.5345E-04  1.5267E-04 -1.5518E-05
   1060.540  5.0000E-01     1.5730E-04  1.5647E-04 -1.6124E-05
   1060.600  5.0000E-01     1.6121E-04  1.6034E-04 -1.6730E-05
   1060.660  5.0000E-01     1.6525E-04  1.6434E-04 -1.7323E-05
   1060.720  5.0000E-01     1.6952E-04  1.6856E-04 -1.7977E-05
   1060.780  5.0000E-01     1.7391E-04  1.7291E-04 -1.8662E-05
   1060.840  5.0000E-01     1.7840E-04  1.7735E-04 -1.9347E-05
   1060.900  5.0000E-01     1.8315E-04  1.8205E-04 -2.0048E-05
   1060.960  5.0000E-01     1.8808E-04  1.8692E-04 -2.0821E-05
   1061.020  5.0000E-01     1.9311E-04  1.9190E-04 -2.1595E-05
   1061.080  5.0000E-01     1.9834E-04  1.9708E-04 -2.2346E-05
   1061.140  5.0000E-01     2.0388E-04  2.0255E-04 -2.3212E-05
   1061.200  5.0000E-01     2.0952E-04  2.0813E-04 -2.4077E-05
   1061.260  5.0000E-01     2.1534E-04  2.1389E-04 -2.4929E-05
   1061.320  5.0000E-01     2.2148E-04  2.1996E-04 -2.5863E-05
   1061.380  5.0000E-01     2.2780E-04  2.2621E-04 -2.6842E-05
   1061.440  5.0000E-01     2.3427E-04  2.3262E-04 -2.7821E-05
   1061.500  5.0000E-01     2.4108E-04  2.3935E-04 -2.8820E-05
   1061.560  5.0000E-01     2.4817E-04  2.4636E-04 -2.9923E-05
   1061.620  5.0000E-01     2.5541E-04  2.5352E-04 -3.1028E-05
   1061.680  5.0000E-01     2.6291E-04  2.6095E-04 -3.2105E-05
   1061.740  5.0000E-01     2.7087E-04  2.6881E-04 -3.3354E-05
   1061.800  5.0000E-01     2.7899E-04  2.7683E-04 -3.4605E-05
   1061.860  5.0000E-01     2.8734E-04  2.8510E-04 -3.5826E-05
   1061.920  5.0000E-01     2.9616E-04  2.9382E-04 -3.7168E-05
   1061.980  5.0000E-01     3.0524E-04  3.0280E-04 -3.8571E-05
   1062.040  5.0000E-01     3.1455E-04  3.1200E-04 -3.9976E-05
   1062.100  5.0000E-01     3.2433E-04  3.2167E-04 -4.1406E-05
   1062.160  5.0000E-01     3.3452E-04  3.3175E-04 -4.2989E-05
   1062.220  5.0000E-01     3.4492E-04  3.4203E-04 -4.4574E-05
   1062.280  5.0000E-01     3.5571E-04  3.5271E-04 -4.6132E-05
   1062.340  5.0000E-01     3.6715E-04  3.6401E-04 -4.7939E-05
   1062.400  5.0000E-01     3.7883E-04  3.7555E-04 -4.9750E-05
   1062.460  5.0000E-01     3.9085E-04  3.8744E-04 -5.1514E-05
   1062.520  5.0000E-01     4.0352E-04  3.9997E-04 -5.3449E-05
   1062.580  5.0000E-01     4.1661E-04  4.1290E-04 -5.5477E-05
   1062.640  5.0000E-01     4.2996E-04  4.2610E-04 -5.7499E-05
   1062.700  5.0000E-01     4.4401E-04  4.3999E-04 -5.9569E-05
   1062.760  5.0000E-01     4.5870E-04  4.5451E-04 -6.1867E-05
   1062.820  5.0000E-01     4.7364E-04  4.6927E-04 -6.4160E-05
   1062.880  5.0000E-01     4.8917E-04  4.8464E-04 -6.6408E-05
   1062.940  5.0000E-01     5.0566E-04  5.0093E-04 -6.9018E-05
   1063.000  5.0000E-01     5.2243E-04  5.1749E-04 -7.1623E-05
   1063.060  5.0000E-01     5.3972E-04  5.3459E-04 -7.4190E-05
   1063.120  5.0000E-01     5.5804E-04  5.5270E-04 -7.7010E-05
   1063.180  5.0000E-01     5.7689E-04  5.7132E-04 -7.9958E-05
   1063.240  5.0000E-01     5.9616E-04  5.9037E-04 -8.2902E-05
   1063.300  5.0000E-01     6.1644E-04  6.1042E-04 -8.5908E-05
   1063.360  5.0000E-01     6.3762E-04  6.3135E-04 -8.9254E-05
   1063.420  5.0000E-01     6.5917E-04  6.5263E-04 -9.2593E-05
   1063.480  5.0000E-01     6.8158E-04  6.7481E-04 -9.5851E-05
   1063.540  5.0000E-01     7.0539E-04  6.9832E-04 -9.9619E-05
   1063.600  5.0000E-01     7.2960E-04  7.2224E-04 -1.0338E-04
   1063.660  5.0000E-01     7.5453E-04  7.4689E-04 -1.0709E-04
   1063.720  5.0000E-01     7.8095E-04  7.7299E-04 -1.1119E-04
   1063.780  5.0000E-01     8.0815E-04  7.9985E-04 -1.1549E-04
   1063.840  5.0000E-01     8.3598E-04  8.2735E-04 -1.1976E-04
   1063.900  5.0000E-01     8.6533E-04  8.5638E-04 -1.2414E-04
   1063.960  5.0000E-01     8.9589E-04  8.8656E-04 -1.2899E-04
   1064.020  5.0000E-01     9.2703E-04  9.1732E-04 -1.3384E-04
   1064.080  5.0000E-01     9.5951E-04  9.4945E-04 -1.3858E-04
   1064.140  5.0000E-01     9.9388E-04  9.8339E-04 -1.4403E-04
   1064.200  5.0000E-01     1.0289E-03  1.0180E-03 -1.4948E-04
   1064.260  5.0000E-01     1.0651E-03  1.0538E-03 -1.5488E-04
   1064.320  5.0000E-01     1.1033E-03  1.0915E-03 -1.6080E-04
   1064.380  5.0000E-01     1.1426E-03  1.1304E-03 -1.6702E-04
   1064.440  5.0000E-01     1.1830E-03  1.1702E-03 -1.7324E-04
   1064.500  5.0000E-01     1.2254E-03  1.2121E-03 -1.7957E-04
   1064.560  5.0000E-01     1.2696E-03  1.2558E-03 -1.8660E-04
   1064.620  5.0000E-01     1.3146E-03  1.3003E-03 -1.9362E-04
   1064.680  5.0000E-01     1.3616E-03  1.3467E-03 -2.0049E-04
   1064.740  5.0000E-01     1.4113E-03  1.3958E-03 -2.0841E-04
   1064.800  5.0000E-01     1.4620E-03  1.4459E-03 -2.1634E-04
   1064.860  5.0000E-01     1.5143E-03  1.4976E-03 -2.2414E-04
   1064.920  5.0000E-01     1.5696E-03  1.5522E-03 -2.3271E-04
   1064.980  5.0000E-01     1.6265E-03  1.6085E-03 -2.4167E-04
   1065.040  5.0000E-01     1.6849E-03  1.6661E-03 -2.5062E-04
   1065.100  5.0000E-01     1.7462E-03  1.7267E-03 -2.5975E-04
   1065.160  5.0000E-01     1.8101E-03  1.7899E-03 -2.6987E-04
   1065.220  5.0000E-01     1.8754E-03  1.8544E-03 -2.8001E-04
   1065.280  5.0000E-01     1.9433E-03  1.9215E-03 -2.8993E-04
   1065.340  5.0000E-01     2.0152E-03  1.9926E-03 -3.0140E-04
   1065.400  5.0000E-01     2.0887E-03  2.0651E-03 -3.1289E-04
   1065.460  5.0000E-01     2.1642E-03  2.1398E-03 -3.2411E-04
   1065.520  5.0000E-01     2.2442E-03  2.2188E-03 -3.3641E-04
   1065.580  5.0000E-01     2.3267E-03  2.3003E-03 -3.4928E-04
   1065.640  5.0000E-01     2.4109E-03  2.3836E-03 -3.6209E-04
   1065.700  5.0000E-01     2.4994E-03  2.4711E-03 -3.7516E-04
   1065.760  5.0000E-01     2.5921E-03  2.5626E-03 -3.8972E-04
   1065.820  5.0000E-01     2.6862E-03  2.6556E-03 -4.0425E-04
   1065.880  5.0000E-01     2.7842E-03  2.7526E-03 -4.1851E-04
   1065.940  5.0000E-01     2.8880E-03  2.8551E-03 -4.3490E-04
   1066.000  5.0000E-01     2.9939E-03  2.9597E-03 -4.5132E-04
   1066.060  5.0000E-01     3.1029E-03  3.0675E-03 -4.6733E-04
   1066.120  5.0000E-01     3.2181E-03  3.1814E-03 -4.8486E-04
   1066.180  5.0000E-01     3.3370E-03  3.2989E-03 -5.0321E-04
   1066.240  5.0000E-01     3.4584E-03  3.4189E-03 -5.2147E-04
   1066.300  5.0000E-01     3.5860E-03  3.5451E-03 -5.4008E-04
   1066.360  5.0000E-01     3.7193E-03  3.6768E-03 -5.6075E-04
   1066.420  5.0000E-01     3.8548E-03  3.8107E-03 -5.8137E-04
   1066.480  5.0000E-01     3.9957E-03  3.9502E-03 -6.0139E-04
   1066.540  5.0000E-01     4.1451E-03  4.0978E-03 -6.2446E-04
   1066.600  5.0000E-01     4.2969E-03  4.2478E-03 -6.4748E-04
   1066.660  5.0000E-01     4.4532E-03  4.4025E-03 -6.7008E-04
   1066.720  5.0000E-01     4.6188E-03  4.5662E-03 -6.9493E-04
   1066.780  5.0000E-01     4.7888E-03  4.7343E-03 -7.2084E-04
   1066.840  5.0000E-01     4.9628E-03  4.9063E-03 -7.4646E-04
   1066.900  5.0000E-01     5.1459E-03  5.0876E-03 -7.7257E-04
   1066.960  5.0000E-01     5.3360E-03  5.2755E-03 -8.0130E-04
   1067.020  5.0000E-01     5.5295E-03  5.4669E-03 -8.3002E-04
   1067.080  5.0000E-01     5.7314E-03  5.6668E-03 -8.5783E-04
   1067.140  5.0000E-01     5.9439E-03  5.8770E-03 -8.8959E-04
   1067.200  5.0000E-01     6.1603E-03  6.0910E-03 -9.2135E-04
   1067.260  5.0000E-01     6.3830E-03  6.3115E-03 -9.5243E-04
   1067.320  5.0000E-01     6.6183E-03  6.5444E-03 -9.8649E-04
   1067.380  5.0000E-01     6.8597E-03  6.7832E-03 -1.0220E-03
   1067.440  5.0000E-01     7.1065E-03  7.0274E-03 -1.0571E-03
   1067.500  5.0000E-01     7.3659E-03  7.2844E-03 -1.0926E-03
   1067.560  5.0000E-01     7.6345E-03  7.5502E-03 -1.1316E-03
   1067.620  5.0000E-01     7.9078E-03  7.8207E-03 -1.1705E-03
   1067.680  5.0000E-01     8.1925E-03  8.1030E-03 -1.2079E-03
   1067.740  5.0000E-01     8.4915E-03  8.3990E-03 -1.2505E-03
   1067.800  5.0000E-01     8.7956E-03  8.7000E-03 -1.2931E-03
   1067.860  5.0000E-01     9.1090E-03  9.0108E-03 -1.3343E-03
   1067.920  5.0000E-01     9.4380E-03  9.3367E-03 -1.3790E-03
   1067.980  5.0000E-01     9.7751E-03  9.6706E-03 -1.4256E-03
   1068.040  5.0000E-01     1.0120E-02  1.0013E-02 -1.4716E-03
   1068.100  5.0000E-01     1.0481E-02  1.0370E-02 -1.5177E-03
   1068.160  5.0000E-01     1.0854E-02  1.0740E-02 -1.5680E-03
   1068.220  5.0000E-01     1.1234E-02  1.1116E-02 -1.6184E-03
   1068.280  5.0000E-01     1.1628E-02  1.1508E-02 -1.6661E-03
   1068.340  5.0000E-01     1.2039E-02  1.1916E-02 -1.7201E-03
   1068.400  5.0000E-01     1.2458E-02  1.2331E-02 -1.7743E-03
   1068.460  5.0000E-01     1.2888E-02  1.2758E-02 -1.8256E-03
   1068.520  5.0000E-01     1.3338E-02  1.3204E-02 -1.8807E-03
   1068.580  5.0000E-01     1.3797E-02  1.3660E-02 -1.9376E-03
   1068.640  5.0000E-01     1.4266E-02  1.4126E-02 -1.9934E-03
   1068.700  5.0000E-01     1.4754E-02  1.4611E-02 -2.0491E-03
   1068.760  5.0000E-01     1.5257E-02  1.5110E-02 -2.1096E-03
   1068.820  5.0000E-01     1.5768E-02  1.5618E-02 -2.1701E-03
   1068.880  5.0000E-01     1.6297E-02  1.6144E-02 -2.2254E-03
   1068.940  5.0000E-01     1.6845E-02  1.6688E-02 -2.2877E-03
   1069.000  5.0000E-01     1.7401E-02  1.7242E-02 -2.3501E-03
   1069.060  5.0000E-01     1.7971E-02  1.7809E-02 -2.4080E-03
   1069.120  5.0000E-01     1.8564E-02  1.8399E-02 -2.4692E-03
   1069.180  5.0000E-01     1.9167E-02  1.8999E-02 -2.5317E-03
   1069.240  5.0000E-01     1.9781E-02  1.9610E-02 -2.5919E-03
   1069.300  5.0000E-01     2.0416E-02  2.0243E-02 -2.6508E-03
   1069.360  5.0000E-01     2.1066E-02  2.0890E-02 -2.7138E-03
   1069.420  5.0000E-01     2.1722E-02  2.1544E-02 -2.7766E-03
   1069.480  5.0000E-01     2.2400E-02  2.2221E-02 -2.8320E-03
   1069.540  5.0000E-01     2.3096E-02  2.2914E-02 -2.8926E-03
   1069.600  5.0000E-01     2.3797E-02  2.3613E-02 -2.9530E-03
   1069.660  5.0000E-01     2.4514E-02  2.4329E-02 -3.0070E-03
   1069.720  5.0000E-01     2.5253E-02  2.5067E-02 -3.0630E-03
   1069.780  5.0000E-01     2.5998E-02  2.5811E-02 -3.1190E-03
   1069.840  5.0000E-01     2.6754E-02  2.6566E-02 -3.1711E-03
   1069.900  5.0000E-01     2.7530E-02  2.7341E-02 -3.2203E-03
   1069.960  5.0000E-01     2.8316E-02  2.8126E-02 -3.2702E-03
   1070.020  5.0000E-01     2.9106E-02  2.8916E-02 -3.3200E-03
   1070.080  5.0000E-01     2.9917E-02  2.9727E-02 -3.3600E-03
   1070.140  5.0000E-01     3.0737E-02  3.0548E-02 -3.4012E-03
   1070.200  5.0000E-01     3.1560E-02  3.1371E-02 -3.4422E-03
   1070.260  5.0000E-01     3.2395E-02  3.2208E-02 -3.4760E-03
   1070.320  5.0000E-01     3.3246E-02  3.3060E-02 -3.5082E-03
   1070.380  5.0000E-01     3.4096E-02  3.3912E-02 -3.5389E-03
   1070.440  5.0000E-01     3.4954E-02  3.4772E-02 -3.5644E-03
   1070.500  5.0000E-01     3.5824E-02  3.5644E-02 -3.5850E-03
   1070.560  5.0000E-01     3.6691E-02  3.6514E-02 -3.6017E-03
   1070.620  5.0000E-01     3.7560E-02  3.7385E-02 -3.6183E-03
   1070.680  5.0000E-01     3.8444E-02  3.8273E-02 -3.6250E-03
   1070.740  5.0000E-01     3.9319E-02  3.9151E-02 -3.6273E-03
   1070.800  5.0000E-01     4.0193E-02  4.0029E-02 -3.6296E-03
   1070.860  5.0000E-01     4.1074E-02  4.0914E-02 -3.6252E-03
   1070.920  5.0000E-01     4.1951E-02  4.1795E-02 -3.6158E-03
   1070.980  5.0000E-01     4.2820E-02  4.2668E-02 -3.6025E-03
   1071.040  5.0000E-01     4.3694E-02  4.3546E-02 -3.5848E-03
   1071.100  5.0000E-01     4.4559E-02  4.4416E-02 -3.5624E-03
   1071.160  5.0000E-01     4.5412E-02  4.5275E-02 -3.5322E-03
   1071.220  5.0000E-01     4.6262E-02  4.6129E-02 -3.5020E-03
   1071.280  5.0000E-01     4.7112E-02  4.6985E-02 -3.4657E-03
   1071.340  5.0000E-01     4.7937E-02  4.7815E-02 -3.4195E-03
   1071.400  5.0000E-01     4.8757E-02  4.8640E-02 -3.3732E-03
   1071.460  5.0000E-01     4.9572E-02  4.9460E-02 -3.3239E-03
   1071.520  5.0000E-01     5.0364E-02  5.0258E-02 -3.2668E-03
   1071.580  5.0000E-01     5.1143E-02  5.1042E-02 -3.2052E-03
   1071.640  5.0000E-01     5.1916E-02  5.1820E-02 -3.1423E-03
   1071.700  5.0000E-01     5.2663E-02  5.2573E-02 -3.0769E-03
   1071.760  5.0000E-01     5.3391E-02  5.3306E-02 -3.0025E-03
   1071.820  5.0000E-01     5.4111E-02  5.4032E-02 -2.9279E-03
   1071.880  5.0000E-01     5.4810E-02  5.4736E-02 -2.8542E-03
   1071.940  5.0000E-01     5.5478E-02  5.5409E-02 -2.7685E-03
   1072.000  5.0000E-01     5.6137E-02  5.6073E-02 -2.6826E-03
   1072.060  5.0000E-01     5.6778E-02  5.6718E-02 -2.5996E-03
   1072.120  5.0000E-01     5.7385E-02  5.7330E-02 -2.5090E-03
   1072.180  5.0000E-01     5.7976E-02  5.7926E-02 -2.4141E-03
   1072.240  5.0000E-01     5.8552E-02  5.8506E-02 -2.3218E-03
   1072.300  5.0000E-01     5.9093E-02  5.9051E-02 -2.2295E-03
   1072.360  5.0000E-01     5.9612E-02  5.9574E-02 -2.1298E-03
   1072.420  5.0000E-01     6.0119E-02  6.0084E-02 -2.0302E-03
   1072.480  5.0000E-01     6.0593E-02  6.0562E-02 -1.9382E-03
   1072.540  5.0000E-01     6.1035E-02  6.1008E-02 -1.8351E-03
   1072.600  5.0000E-01     6.1467E-02  6.1442E-02 -1.7318E-03
   1072.660  5.0000E-01     6.1873E-02  6.1851E-02 -1.6358E-03
   1072.720  5.0000E-01     6.2243E-02  6.2224E-02 -1.5341E-03
   1072.780  5.0000E-01     6.2597E-02  6.2581E-02 -1.4295E-03
   1072.840  5.0000E-01     6.2932E-02  6.2918E-02 -1.3296E-03
   1072.900  5.0000E-01     6.3231E-02  6.3219E-02 -1.2317E-03
   1072.960  5.0000E-01     6.3509E-02  6.3499E-02 -1.1283E-03
   1073.020  5.0000E-01     6.3774E-02  6.3766E-02 -1.0251E-03
   1073.080  5.0000E-01     6.4004E-02  6.3997E-02 -9.3254E-04
   1073.140  5.0000E-01     6.4206E-02  6.4201E-02 -8.3057E-04
   1073.200  5.0000E-01     6.4396E-02  6.4392E-02 -7.2880E-04
   1073.260  5.0000E-01     6.4561E-02  6.4558E-02 -6.3528E-04
   1073.320  5.0000E-01     6.4692E-02  6.4690E-02 -5.3675E-04
   1073.380  5.0000E-01     6.4808E-02  6.4807E-02 -4.3666E-04
   1073.440  5.0000E-01     6.4906E-02  6.4906E-02 -3.4056E-04
   1073.500  5.0000E-01     6.4972E-02  6.4971E-02 -2.4627E-04
   1073.560  5.0000E-01     6.5016E-02  6.5015E-02 -1.4684E-04
   1073.620  5.0000E-01     6.5048E-02  6.5048E-02 -4.7414E-05
   1073.680  5.0000E-01     6.5048E-02  6.5048E-02  4.3772E-05
   1073.740  5.0000E-01     6.5021E-02  6.5020E-02  1.4491E-04
   1073.800  5.0000E-01     6.4981E-02  6.4980E-02  2.4606E-04
   1073.860  5.0000E-01     6.4918E-02  6.4917E-02  3.4215E-04
   1073.920  5.0000E-01     6.4822E-02  6.4820E-02  4.4543E-04
   1073.980  5.0000E-01     6.4708E-02  6.4706E-02  5.5175E-04
   1074.040  5.0000E-01     6.4578E-02  6.4575E-02  6.5732E-04
   1074.100  5.0000E-01     6.4414E-02  6.4410E-02  7.6422E-04
   1074.160  5.0000E-01     6.4222E-02  6.4216E-02  8.8118E-04
   1074.220  5.0000E-01     6.4016E-02  6.4008E-02  9.9815E-04
   1074.280  5.0000E-01     6.3783E-02  6.3773E-02  1.1148E-03
   1074.340  5.0000E-01     6.3504E-02  6.3492E-02  1.2504E-03
   1074.400  5.0000E-01     6.3209E-02  6.3194E-02  1.3861E-03
   1074.460  5.0000E-01     6.2890E-02  6.2871E-02  1.5239E-03
   1074.520  5.0000E-01     6.2524E-02  6.2501E-02  1.6780E-03
   1074.580  5.0000E-01     6.2125E-02  6.2098E-02  1.8410E-03
   1074.640  5.0000E-01     6.1706E-02  6.1674E-02  2.0088E-03
   1074.700  5.0000E-01     6.1235E-02  6.1196E-02  2.1850E-03
   1074.760  5.0000E-01     6.0710E-02  6.0663E-02  2.3856E-03
   1074.820  5.0000E-01     6.0172E-02  6.0116E-02  2.5915E-03
   1074.880  5.0000E-01     5.9569E-02  5.9504E-02  2.7916E-03
   1074.940  5.0000E-01     5.8890E-02  5.8811E-02  3.0357E-03
   1075.000  5.0000E-01     5.8182E-02  5.8089E-02  3.2799E-03
   1075.060  5.0000E-01     5.7427E-02  5.7318E-02  3.5232E-03
   1075.120  5.0000E-01     5.6575E-02  5.6447E-02  3.7945E-03
   1075.180  5.0000E-01     5.5674E-02  5.5524E-02  4.0802E-03
   1075.240  5.0000E-01     5.4730E-02  5.4556E-02  4.3614E-03
   1075.300  5.0000E-01     5.3668E-02  5.3467E-02  4.6451E-03
   1075.360  5.0000E-01     5.2543E-02  5.2309E-02  4.9551E-03
   1075.420  5.0000E-01     5.1382E-02  5.1112E-02  5.2657E-03
   1075.480  5.0000E-01     5.0092E-02  4.9786E-02  5.5334E-03
   1075.540  5.0000E-01     4.8731E-02  4.8381E-02  5.8251E-03
   1075.600  5.0000E-01     4.7336E-02  4.6939E-02  6.1174E-03
   1075.660  5.0000E-01     4.5849E-02  4.5406E-02  6.3540E-03
   1075.720  5.0000E-01     4.4252E-02  4.3759E-02  6.5842E-03
   1075.780  5.0000E-01     4.2649E-02  4.2102E-02  6.8057E-03
   1075.840  5.0000E-01     4.0979E-02  4.0380E-02  6.9836E-03
   1075.900  5.0000E-01     3.9218E-02  3.8567E-02  7.1201E-03
   1075.960  5.0000E-01     3.7471E-02  3.6768E-02  7.2206E-03
   1076.020  5.0000E-01     3.5720E-02  3.4961E-02  7.3209E-03
   1076.080  5.0000E-01     3.3845E-02  3.3041E-02  7.3312E-03
   1076.140  5.0000E-01     3.2050E-02  3.1212E-02  7.2823E-03
   1076.200  5.0000E-01     3.0269E-02  2.9392E-02  7.2335E-03
   1076.260  5.0000E-01     2.8448E-02  2.7539E-02  7.1309E-03
   1076.320  5.0000E-01     2.6694E-02  2.5766E-02  6.9769E-03
   1076.380  5.0000E-01     2.4988E-02  2.4048E-02  6.7906E-03
   1076.440  5.0000E-01     2.3286E-02  2.2335E-02  6.5868E-03
   1076.500  5.0000E-01     2.1684E-02  2.0732E-02  6.3569E-03
   1076.560  5.0000E-01     2.0149E-02  1.9211E-02  6.0750E-03
   1076.620  5.0000E-01     1.8651E-02  1.7728E-02  5.7937E-03
   1076.680  5.0000E-01     1.7241E-02  1.6332E-02  5.5217E-03
   1076.740  5.0000E-01     1.5932E-02  1.5059E-02  5.2004E-03
   1076.800  5.0000E-01     1.4663E-02  1.3827E-02  4.8798E-03
   1076.860  5.0000E-01     1.3479E-02  1.2675E-02  4.5871E-03
   1076.920  5.0000E-01     1.2416E-02  1.1655E-02  4.2796E-03
   1076.980  5.0000E-01     1.1389E-02  1.0676E-02  3.9669E-03
   1077.040  5.0000E-01     1.0432E-02  9.7623E-03  3.6771E-03
   1077.100  5.0000E-01     9.5867E-03  8.9616E-03  3.4049E-03
   1077.160  5.0000E-01     8.7862E-03  8.2100E-03  3.1293E-03
   1077.220  5.0000E-01     8.0165E-03  7.4914E-03  2.8537E-03
   1077.280  5.0000E-01     7.3787E-03  6.8935E-03  2.6316E-03
   1077.340  5.0000E-01     6.7735E-03  6.3312E-03  2.4075E-03
   1077.400  5.0000E-01     6.1934E-03  5.7958E-03  2.1833E-03
   1077.460  5.0000E-01     5.6922E-03  5.3305E-03  1.9966E-03
   1077.520  5.0000E-01     5.2498E-03  4.9258E-03  1.8156E-03
   1077.580  5.0000E-01     4.8224E-03  4.5345E-03  1.6414E-03
   1077.640  5.0000E-01     4.4442E-03  4.1883E-03  1.4861E-03
   1077.700  5.0000E-01     4.1167E-03  3.8901E-03  1.3471E-03
   1077.760  5.0000E-01     3.8067E-03  3.6070E-03  1.2168E-03
   1077.820  5.0000E-01     3.5118E-03  3.3395E-03  1.0865E-03
   1077.880  5.0000E-01     3.2859E-03  3.1341E-03  9.8724E-04
   1077.940  5.0000E-01     3.0644E-03  2.9313E-03  8.9338E-04
   1078.000  5.0000E-01     2.8541E-03  2.7398E-03  7.9951E-04
   1078.060  5.0000E-01     2.6797E-03  2.5800E-03  7.2403E-04
   1078.120  5.0000E-01     2.5254E-03  2.4395E-03  6.5308E-04
   1078.180  5.0000E-01     2.3760E-03  2.3024E-03  5.8670E-04
   1078.240  5.0000E-01     2.2469E-03  2.1839E-03  5.2844E-04
   1078.300  5.0000E-01     2.1353E-03  2.0812E-03  4.7739E-04
   1078.360  5.0000E-01     2.0287E-03  1.9823E-03  4.3130E-04
   1078.420  5.0000E-01     1.9327E-03  1.8936E-03  3.8719E-04
   1078.480  5.0000E-01     1.8514E-03  1.8179E-03  3.5080E-04
   1078.540  5.0000E-01     1.7748E-03  1.7459E-03  3.1907E-04
   1078.600  5.0000E-01     1.7019E-03  1.6775E-03  2.8727E-04
   1078.660  5.0000E-01     1.6415E-03  1.6204E-03  2.6206E-04
   1078.720  5.0000E-01     1.5869E-03  1.5689E-03  2.3850E-04
   1078.780  5.0000E-01     1.5335E-03  1.5181E-03  2.1662E-04
   1078.840  5.0000E-01     1.4870E-03  1.4739E-03  1.9752E-04
   1078.900  5.0000E-01     1.4457E-03  1.4344E-03  1.8077E-04
   1078.960  5.0000E-01     1.4059E-03  1.3961E-03  1.6569E-04
   1079.020  5.0000E-01     1.3678E-03  1.3595E-03  1.5058E-04
   1079.080  5.0000E-01     1.3375E-03  1.3302E-03  1.3923E-04
   1079.140  5.0000E-01     1.3071E-03  1.3007E-03  1.2865E-04
   1079.200  5.0000E-01     1.2779E-03  1.2725E-03  1.1804E-04
   1079.260  5.0000E-01     1.2527E-03  1.2479E-03  1.0954E-04
   1079.320  5.0000E-01     1.2295E-03  1.2253E-03  1.0151E-04
   1079.380  5.0000E-01     1.2067E-03  1.2030E-03  9.4008E-05
   1079.440  5.0000E-01     1.1861E-03  1.1829E-03  8.7400E-05
   1079.500  5.0000E-01     1.1674E-03  1.1645E-03  8.1545E-05
   1079.560  5.0000E-01     1.1491E-03  1.1466E-03  7.6160E-05
   1079.620  5.0000E-01     1.1316E-03  1.1294E-03  7.0785E-05
   1079.680  5.0000E-01     1.1167E-03  1.1147E-03  6.6673E-05
   1079.740  5.0000E-01     1.1018E-03  1.1000E-03  6.2750E-05
   1079.800  5.0000E-01     1.0875E-03  1.0859E-03  5.8836E-05
   1079.860  5.0000E-01     1.0745E-03  1.0730E-03  5.5648E-05
   1079.920  5.0000E-01     1.0623E-03  1.0610E-03  5.2588E-05
   1079.980  5.0000E-01     1.0503E-03  1.0491E-03  4.9703E-05
   1080.040  5.0000E-01     1.0391E-03  1.0380E-03  4.7129E-05
   1080.100  5.0000E-01     1.0286E-03  1.0277E-03  4.4814E-05
   1080.160  5.0000E-01     1.0184E-03  1.0175E-03  4.2652E-05
   1080.220  5.0000E-01     1.0085E-03  1.0077E-03  4.0489E-05
   1080.280  5.0000E-01     9.9957E-04  9.9882E-04  3.8810E-05
   1080.340  5.0000E-01     9.9072E-04  9.9003E-04  3.7175E-05
   1080.400  5.0000E-01     9.8209E-04  9.8144E-04  3.5543E-05
   1080.460  5.0000E-01     9.7399E-04  9.7339E-04  3.4189E-05
   1080.520  5.0000E-01     9.6626E-04  9.6570E-04  3.2868E-05
   1080.580  5.0000E-01     9.5864E-04  9.5812E-04  3.1605E-05
   1080.640  5.0000E-01     9.5135E-04  9.5086E-04  3.0467E-05
   1080.700  5.0000E-01     9.4439E-04  9.4393E-04  2.9431E-05
   1080.760  5.0000E-01     9.3758E-04  9.3714E-04  2.8444E-05
   1080.820  5.0000E-01     9.3088E-04  9.3047E-04  2.7457E-05
   1080.880  5.0000E-01     9.2462E-04  9.2423E-04  2.6675E-05
   1080.940  5.0000E-01     9.1844E-04  9.1807E-04  2.5899E-05
   1081.000  5.0000E-01     9.1235E-04  9.1200E-04  2.5123E-05
   1081.060  5.0000E-01     9.0649E-04  9.0616E-04  2.4466E-05
   1081.120  5.0000E-01     9.0084E-04  9.0053E-04  2.3819E-05
   1081.180  5.0000E-01     8.9525E-04  8.9495E-04  2.3192E-05
   1081.240  5.0000E-01     8.8980E-04  8.8951E-04  2.2619E-05
   1081.300  5.0000E-01     8.8454E-04  8.8427E-04  2.2091E-05
   1081.360  5.0000E-01     8.7936E-04  8.7910E-04  2.1578E-05
   1081.420  5.0000E-01     8.7426E-04  8.7400E-04  2.1078E-05
   1081.480  5.0000E-01     8.6933E-04  8.6908E-04  2.0646E-05
   1081.540  5.0000E-01     8.6449E-04  8.6425E-04  2.0219E-05
   1081.600  5.0000E-01     8.5970E-04  8.5947E-04  1.9792E-05
   1081.660  5.0000E-01     8.5503E-04  8.5481E-04  1.9426E-05
   1081.720  5.0000E-01     8.5048E-04  8.5027E-04  1.9062E-05
   1081.780  5.0000E-01     8.4597E-04  8.4577E-04  1.8705E-05
   1081.840  5.0000E-01     8.4153E-04  8.4133E-04  1.8373E-05
   1081.900  5.0000E-01     8.3722E-04  8.3702E-04  1.8062E-05
   1081.960  5.0000E-01     8.3295E-04  8.3276E-04  1.7754E-05
   1082.020  5.0000E-01     8.2872E-04  8.2854E-04  1.7453E-05
   1082.080  5.0000E-01     8.2460E-04  8.2442E-04  1.7188E-05
   1082.140  5.0000E-01     8.2054E-04  8.2037E-04  1.6916E-05
   1082.200  5.0000E-01     8.1651E-04  8.1634E-04  1.6644E-05
   1082.260  5.0000E-01     8.1256E-04  8.1240E-04  1.6408E-05
   1082.320  5.0000E-01     8.0869E-04  8.0853E-04  1.6169E-05
   1082.380  5.0000E-01     8.0484E-04  8.0468E-04  1.5933E-05
   1082.440  5.0000E-01     8.0105E-04  8.0089E-04  1.5713E-05
   1082.500  5.0000E-01     7.9733E-04  7.9718E-04  1.5504E-05
   1082.560  5.0000E-01     7.9365E-04  7.9350E-04  1.5291E-05
   1082.620  5.0000E-01     7.8999E-04  7.8985E-04  1.5079E-05
   1082.680  5.0000E-01     7.8642E-04  7.8628E-04  1.4897E-05
   1082.740  5.0000E-01     7.8289E-04  7.8275E-04  1.4702E-05
   1082.800  5.0000E-01     7.7938E-04  7.7924E-04  1.4507E-05
   1082.860  5.0000E-01     7.7593E-04  7.7579E-04  1.4335E-05
   1082.920  5.0000E-01     7.7253E-04  7.7240E-04  1.4157E-05
   1082.980  5.0000E-01     7.6915E-04  7.6903E-04  1.3980E-05
   1083.040  5.0000E-01     7.6582E-04  7.6569E-04  1.3812E-05
   1083.100  5.0000E-01     7.6254E-04  7.6242E-04  1.3652E-05
   1083.160  5.0000E-01     7.5929E-04  7.5917E-04  1.3486E-05
   1083.220  5.0000E-01     7.5607E-04  7.5595E-04  1.3321E-05
   1083.280  5.0000E-01     7.5290E-04  7.5279E-04  1.3180E-05
   1083.340  5.0000E-01     7.4976E-04  7.4965E-04  1.3027E-05
   1083.400  5.0000E-01     7.4665E-04  7.4654E-04  1.2875E-05
   1083.460  5.0000E-01     7.4358E-04  7.4347E-04  1.2736E-05
   1083.520  5.0000E-01     7.4055E-04  7.4045E-04  1.2591E-05
   1083.580  5.0000E-01     7.3755E-04  7.3745E-04  1.2445E-05
   1083.640  5.0000E-01     7.3458E-04  7.3447E-04  1.2305E-05
   1083.700  5.0000E-01     7.3165E-04  7.3155E-04  1.2171E-05
   1083.760  5.0000E-01     7.2875E-04  7.2865E-04  1.2034E-05
   1083.820  5.0000E-01     7.2587E-04  7.2578E-04  1.1896E-05
   1083.880  5.0000E-01     7.2304E-04  7.2294E-04  1.1778E-05
   1083.940  5.0000E-01     7.2024E-04  7.2015E-04  1.1648E-05
   1084.000  5.0000E-01     7.1746E-04  7.1736E-04  1.1519E-05
   1084.060  5.0000E-01     7.1470E-04  7.1461E-04  1.1401E-05
   1084.120  5.0000E-01     7.1199E-04  7.1190E-04  1.1276E-05
   1084.180  5.0000E-01     7.0930E-04  7.0921E-04  1.1150E-05
   1084.240  5.0000E-01     7.0664E-04  7.0655E-04  1.1030E-05
   1084.300  5.0000E-01     7.0401E-04  7.0392E-04  1.0913E-05
   1084.360  5.0000E-01     7.0141E-04  7.0133E-04  1.0794E-05
   1084.420  5.0000E-01     6.9883E-04  6.9874E-04  1.0674E-05
   1084.480  5.0000E-01     6.9628E-04  6.9620E-04  1.0569E-05
   1084.540  5.0000E-01     6.9377E-04  6.9369E-04  1.0453E-05
   1084.600  5.0000E-01     6.9127E-04  6.9119E-04  1.0338E-05
   1084.660  5.0000E-01     6.8880E-04  6.8872E-04  1.0232E-05
   1084.720  5.0000E-01     6.8637E-04  6.8629E-04  1.0123E-05
   1084.780  5.0000E-01     6.8395E-04  6.8388E-04  1.0012E-05
   1084.840  5.0000E-01     6.8155E-04  6.8148E-04  9.9061E-06
   1084.900  5.0000E-01     6.7920E-04  6.7913E-04  9.8031E-06
   1084.960  5.0000E-01     6.7686E-04  6.7679E-04  9.6952E-06
   1085.020  5.0000E-01     6.7454E-04  6.7447E-04  9.5882E-06
   1085.080  5.0000E-01     6.7226E-04  6.7219E-04  9.4914E-06
   1085.140  5.0000E-01     6.7000E-04  6.6993E-04  9.3862E-06
   1085.200  5.0000E-01     6.6775E-04  6.6769E-04  9.2808E-06
   1085.260  5.0000E-01     6.6553E-04  6.6547E-04  9.1871E-06
   1085.320  5.0000E-01     6.6335E-04  6.6329E-04  9.0880E-06
   1085.380  5.0000E-01     6.6117E-04  6.6111E-04  8.9885E-06
   1085.440  5.0000E-01     6.5902E-04  6.5896E-04  8.8932E-06
   1085.500  5.0000E-01     6.5691E-04  6.5685E-04  8.7998E-06
   1085.560  5.0000E-01     6.5481E-04  6.5476E-04  8.7016E-06
   1085.620  5.0000E-01     6.5273E-04  6.5267E-04  8.6037E-06
   1085.680  5.0000E-01     6.5068E-04  6.5062E-04  8.5158E-06
   1085.740  5.0000E-01     6.4866E-04  6.4860E-04  8.4202E-06
   1085.800  5.0000E-01     6.4664E-04  6.4659E-04  8.3245E-06
   1085.860  5.0000E-01     6.4465E-04  6.4460E-04  8.2382E-06
   1085.920  5.0000E-01     6.4270E-04  6.4265E-04  8.1487E-06
   1085.980  5.0000E-01     6.4075E-04  6.4070E-04  8.0574E-06
   1086.040  5.0000E-01     6.3882E-04  6.3877E-04  7.9702E-06
   1086.100  5.0000E-01     6.3693E-04  6.3688E-04  7.8850E-06
   1086.160  5.0000E-01     6.3505E-04  6.3500E-04  7.7951E-06
   1086.220  5.0000E-01     6.3318E-04  6.3313E-04  7.7062E-06
   1086.280  5.0000E-01     6.3134E-04  6.3130E-04  7.6250E-06
   1086.340  5.0000E-01     6.2953E-04  6.2948E-04  7.5377E-06
   1086.400  5.0000E-01     6.2773E-04  6.2768E-04  7.4507E-06
   1086.460  5.0000E-01     6.2595E-04  6.2590E-04  7.3712E-06
   1086.520  5.0000E-01     6.2419E-04  6.2415E-04  7.2872E-06
   1086.580  5.0000E-01     6.2245E-04  6.2241E-04  7.2021E-06
   1086.640  5.0000E-01     6.2073E-04  6.2069E-04  7.1210E-06
   1086.700  5.0000E-01     6.1904E-04  6.1900E-04  7.0426E-06
   1086.760  5.0000E-01     6.1736E-04  6.1732E-04  6.9609E-06
   1086.820  5.0000E-01     6.1569E-04  6.1566E-04  6.8791E-06
   1086.880  5.0000E-01     6.1406E-04  6.1402E-04  6.8051E-06
   1086.940  5.0000E-01     6.1244E-04  6.1240E-04  6.7255E-06
   1087.000  5.0000E-01     6.1083E-04  6.1079E-04  6.6461E-06
   1087.060  5.0000E-01     6.0924E-04  6.0921E-04  6.5730E-06
   1087.120  5.0000E-01     6.0768E-04  6.0764E-04  6.4953E-06
   1087.180  5.0000E-01     6.0613E-04  6.0610E-04  6.4157E-06
   1087.240  5.0000E-01     6.0459E-04  6.0456E-04  6.3406E-06
   1087.300  5.0000E-01     6.0308E-04  6.0305E-04  6.2671E-06
   1087.360  5.0000E-01     6.0159E-04  6.0156E-04  6.1917E-06
   1087.420  5.0000E-01     6.0011E-04  6.0008E-04  6.1164E-06
   1087.480  5.0000E-01     5.9865E-04  5.9862E-04  6.0485E-06
   1087.540  5.0000E-01     5.9721E-04  5.9718E-04  5.9745E-06
   1087.600  5.0000E-01     5.9579E-04  5.9576E-04  5.9006E-06
   1087.660  5.0000E-01     5.9438E-04  5.9435E-04  5.8324E-06
   1087.720  5.0000E-01     5.9299E-04  5.9296E-04  5.7612E-06
   1087.780  5.0000E-01     5.9162E-04  5.9159E-04  5.6882E-06
   1087.840  5.0000E-01     5.9026E-04  5.9023E-04  5.6186E-06
   1087.900  5.0000E-01     5.8892E-04  5.8890E-04  5.5512E-06
   1087.960  5.0000E-01     5.8760E-04  5.8758E-04  5.4806E-06
   1088.020  5.0000E-01     5.8629E-04  5.8626E-04  5.4100E-06
   1088.080  5.0000E-01     5.8500E-04  5.8497E-04  5.3462E-06
   1088.140  5.0000E-01     5.8373E-04  5.8371E-04  5.2771E-06
   1088.200  5.0000E-01     5.8247E-04  5.8245E-04  5.2079E-06
   1088.260  5.0000E-01     5.8123E-04  5.8120E-04  5.1452E-06
   1088.320  5.0000E-01     5.8000E-04  5.7998E-04  5.0792E-06
   1088.380  5.0000E-01     5.7879E-04  5.7877E-04  5.0124E-06
   1088.440  5.0000E-01     5.7759E-04  5.7757E-04  4.9482E-06
   1088.500  5.0000E-01     5.7642E-04  5.7640E-04  4.8853E-06
   1088.560  5.0000E-01     5.7526E-04  5.7524E-04  4.8187E-06
   1088.620  5.0000E-01     5.7410E-04  5.7408E-04  4.7524E-06
   1088.680  5.0000E-01     5.7297E-04  5.7295E-04  4.6922E-06
   1088.740  5.0000E-01     5.7186E-04  5.7184E-04  4.6277E-06
   1088.800  5.0000E-01     5.7075E-04  5.7073E-04  4.5631E-06
   1088.860  5.0000E-01     5.6966E-04  5.6964E-04  4.5047E-06
   1088.920  5.0000E-01     5.6859E-04  5.6858E-04  4.4434E-06
   1088.980  5.0000E-01     5.6753E-04  5.6752E-04  4.3808E-06
   1089.040  5.0000E-01     5.6649E-04  5.6647E-04  4.3209E-06
   1089.100  5.0000E-01     5.6546E-04  5.6544E-04  4.2620E-06
   1089.160  5.0000E-01     5.6444E-04  5.6443E-04  4.1995E-06
   1089.220  5.0000E-01     5.6344E-04  5.6342E-04  4.1377E-06
   1089.280  5.0000E-01     5.6246E-04  5.6244E-04  4.0815E-06
   1089.340  5.0000E-01     5.6149E-04  5.6147E-04  4.0211E-06
   1089.400  5.0000E-01     5.6053E-04  5.6051E-04  3.9606E-06
   1089.460  5.0000E-01     5.5958E-04  5.5957E-04  3.9053E-06
   1089.520  5.0000E-01     5.5866E-04  5.5865E-04  3.8472E-06
   1089.580  5.0000E-01     5.5774E-04  5.5773E-04  3.7878E-06
   1089.640  5.0000E-01     5.5684E-04  5.5682E-04  3.7312E-06
   1089.700  5.0000E-01     5.5595E-04  5.5594E-04  3.6760E-06
   1089.760  5.0000E-01     5.5508E-04  5.5506E-04  3.6179E-06
   1089.820  5.0000E-01     5.5421E-04  5.5420E-04  3.5601E-06
   1089.880  5.0000E-01     5.5337E-04  5.5335E-04  3.5077E-06
   1089.940  5.0000E-01     5.5253E-04  5.5252E-04  3.4503E-06
   1090.000  5.0000E-01     5.5171E-04  5.5170E-04  3.3931E-06
   1060.000  1.0000E+00     1.2397E-04  1.2193E-04 -2.2372E-05
   1060.060  1.0000E+00     1.2668E-04  1.2454E-04 -2.3198E-05
   1060.120  1.0000E+00     1.2948E-04  1.2722E-04 -2.4069E-05
   1060.180  1.0000E+00     1.3241E-04  1.3003E-04 -2.4994E-05
   1060.240  1.0000E+00     1.3545E-04  1.3295E-04 -2.5927E-05
   1060.300  1.0000E+00     1.3856E-04  1.3593E-04 -2.6875E-05
   1060.360  1.0000E+00     1.4186E-04  1.3909E-04 -2.7920E-05
   1060.420  1.0000E+00     1.4526E-04  1.4235E-04 -2.8966E-05
   1060.480  1.0000E+00     1.4877E-04  1.4571E-04 -3.0019E-05
   1060.540  1.0000E+00     1.5243E-04  1.4921E-04 -3.1160E-05
   1060.600  1.0000E+00     1.5622E-04  1.5284E-04 -3.2330E-05
   1060.660  1.0000E+00     1.6015E-04  1.5661E-04 -3.3507E-05
   1060.720  1.0000E+00     1.6420E-04  1.6048E-04 -3.4749E-05
   1060.780  1.0000E+00     1.6845E-04  1.6454E-04 -3.6068E-05
   1060.840  1.0000E+00     1.7284E-04  1.6875E-04 -3.7401E-05
   1060.900  1.0000E+00     1.7734E-04  1.7305E-04 -3.8755E-05
   1060.960  1.0000E+00     1.8211E-04  1.7761E-04 -4.0244E-05
   1061.020  1.0000E+00     1.8702E-04  1.8231E-04 -4.1736E-05
   1061.080  1.0000E+00     1.9209E-04  1.8716E-04 -4.3237E-05
   1061.140  1.0000E+00     1.9736E-04  1.9220E-04 -4.4864E-05
   1061.200  1.0000E+00     2.0284E-04  1.9743E-04 -4.6533E-05
   1061.260  1.0000E+00     2.0851E-04  2.0286E-04 -4.8219E-05
   1061.320  1.0000E+00     2.1434E-04  2.0843E-04 -4.9988E-05
   1061.380  1.0000E+00     2.2045E-04  2.1426E-04 -5.1871E-05
   1061.440  1.0000E+00     2.2680E-04  2.2033E-04 -5.3770E-05
   1061.500  1.0000E+00     2.3325E-04  2.2650E-04 -5.5697E-05
   1061.560  1.0000E+00     2.4011E-04  2.3305E-04 -5.7818E-05
   1061.620  1.0000E+00     2.4718E-04  2.3980E-04 -5.9951E-05
   1061.680  1.0000E+00     2.5444E-04  2.4674E-04 -6.2095E-05
   1061.740  1.0000E+00     2.6201E-04  2.5396E-04 -6.4436E-05
   1061.800  1.0000E+00     2.6989E-04  2.6148E-04 -6.6836E-05
   1061.860  1.0000E+00     2.7803E-04  2.6926E-04 -6.9256E-05
   1061.920  1.0000E+00     2.8640E-04  2.7726E-04 -7.1795E-05
   1061.980  1.0000E+00     2.9518E-04  2.8563E-04 -7.4491E-05
   1062.040  1.0000E+00     3.0429E-04  2.9433E-04 -7.7214E-05
   1062.100  1.0000E+00     3.1356E-04  3.0319E-04 -7.9968E-05
   1062.160  1.0000E+00     3.2341E-04  3.1258E-04 -8.3007E-05
   1062.220  1.0000E+00     3.3358E-04  3.2228E-04 -8.6081E-05
   1062.280  1.0000E+00     3.4400E-04  3.3224E-04 -8.9175E-05
   1062.340  1.0000E+00     3.5490E-04  3.4262E-04 -9.2551E-05
   1062.400  1.0000E+00     3.6623E-04  3.5342E-04 -9.6021E-05
   1062.460  1.0000E+00     3.7794E-04  3.6460E-04 -9.9517E-05
   1062.520  1.0000E+00     3.8997E-04  3.7608E-04 -1.0318E-04
   1062.580  1.0000E+00     4.0261E-04  3.8811E-04 -1.0708E-04
   1062.640  1.0000E+00     4.1567E-04  4.0058E-04 -1.1099E-04
   1062.700  1.0000E+00     4.2896E-04  4.1326E-04 -1.1497E-04
   1062.760  1.0000E+00     4.4316E-04  4.2678E-04 -1.1938E-04
   1062.820  1.0000E+00     4.5773E-04  4.4066E-04 -1.2381E-04
   1062.880  1.0000E+00     4.7271E-04  4.5496E-04 -1.2829E-04
   1062.940  1.0000E+00     4.8841E-04  4.6990E-04 -1.3318E-04
   1063.000  1.0000E+00     5.0468E-04  4.8539E-04 -1.3819E-04
   1063.060  1.0000E+00     5.2153E-04  5.0147E-04 -1.4325E-04
   1063.120  1.0000E+00     5.3892E-04  5.1804E-04 -1.4858E-04
   1063.180  1.0000E+00     5.5715E-04  5.3537E-04 -1.5424E-04
   1063.240  1.0000E+00     5.7601E-04  5.5335E-04 -1.5996E-04
   1063.300  1.0000E+00     5.9521E-04  5.7166E-04 -1.6575E-04
   1063.360  1.0000E+00     6.1569E-04  5.9112E-04 -1.7218E-04
   1063.420  1.0000E+00     6.3671E-04  6.1115E-04 -1.7862E-04
   1063.480  1.0000E+00     6.5834E-04  6.3178E-04 -1.8510E-04
   1063.540  1.0000E+00     6.8098E-04  6.5330E-04 -1.9217E-04
   1063.600  1.0000E+00     7.0445E-04  6.7564E-04 -1.9940E-04
   1063.660  1.0000E+00     7.2875E-04  6.9882E-04 -2.0672E-04
   1063.720  1.0000E+00     7.5383E-04  7.2267E-04 -2.1448E-04
   1063.780  1.0000E+00     7.8015E-04  7.4769E-04 -2.2272E-04
   1063.840  1.0000E+00     8.0735E-04  7.7359E-04 -2.3102E-04
   1063.900  1.0000E+00     8.3514E-04  8.0007E-04 -2.3949E-04
   1063.960  1.0000E+00     8.6467E-04  8.2810E-04 -2.4881E-04
   1064.020  1.0000E+00     8.9507E-04  8.5703E-04 -2.5817E-04
   1064.080  1.0000E+00     9.2641E-04  8.8693E-04 -2.6758E-04
   1064.140  1.0000E+00     9.5913E-04  9.1801E-04 -2.7782E-04
   1064.200  1.0000E+00     9.9313E-04  9.5036E-04 -2.8833E-04
   1064.260  1.0000E+00     1.0284E-03  9.8393E-04 -2.9900E-04
   1064.320  1.0000E+00     1.0646E-03  1.0184E-03 -3.1020E-04
   1064.380  1.0000E+00     1.1027E-03  1.0546E-03 -3.2216E-04
   1064.440  1.0000E+00     1.1422E-03  1.0922E-03 -3.3424E-04
   1064.500  1.0000E+00     1.1824E-03  1.1305E-03 -3.4648E-04
   1064.560  1.0000E+00     1.2252E-03  1.1711E-03 -3.5999E-04
   1064.620  1.0000E+00     1.2692E-03  1.2130E-03 -3.7355E-04
   1064.680  1.0000E+00     1.3145E-03  1.2562E-03 -3.8723E-04
   1064.740  1.0000E+00     1.3619E-03  1.3012E-03 -4.0213E-04
   1064.800  1.0000E+00     1.4111E-03  1.3479E-03 -4.1737E-04
   1064.860  1.0000E+00     1.4621E-03  1.3965E-03 -4.3285E-04
   1064.920  1.0000E+00     1.5146E-03  1.4465E-03 -4.4909E-04
   1064.980  1.0000E+00     1.5697E-03  1.4988E-03 -4.6635E-04
   1065.040  1.0000E+00     1.6269E-03  1.5533E-03 -4.8375E-04
   1065.100  1.0000E+00     1.6850E-03  1.6087E-03 -5.0140E-04
   1065.160  1.0000E+00     1.7470E-03  1.6675E-03 -5.2091E-04
   1065.220  1.0000E+00     1.8108E-03  1.7283E-03 -5.4058E-04
   1065.280  1.0000E+00     1.8763E-03  1.7907E-03 -5.6040E-04
   1065.340  1.0000E+00     1.9450E-03  1.8559E-03 -5.8193E-04
   1065.400  1.0000E+00     2.0164E-03  1.9238E-03 -6.0409E-04
   1065.460  1.0000E+00     2.0903E-03  1.9942E-03 -6.2637E-04
   1065.520  1.0000E+00     2.1663E-03  2.0666E-03 -6.4975E-04
   1065.580  1.0000E+00     2.2463E-03  2.1426E-03 -6.7460E-04
   1065.640  1.0000E+00     2.3289E-03  2.2213E-03 -6.9956E-04
   1065.700  1.0000E+00     2.4129E-03  2.3014E-03 -7.2490E-04
   1065.760  1.0000E+00     2.5027E-03  2.3867E-03 -7.5303E-04
   1065.820  1.0000E+00     2.5948E-03  2.4744E-03 -7.8124E-04
   1065.880  1.0000E+00     2.6896E-03  2.5648E-03 -8.0973E-04
   1065.940  1.0000E+00     2.7889E-03  2.6591E-03 -8.4065E-04
   1066.000  1.0000E+00     2.8921E-03  2.7573E-03 -8.7243E-04
   1066.060  1.0000E+00     2.9988E-03  2.8592E-03 -9.0432E-04
   1066.120  1.0000E+00     3.1087E-03  2.9639E-03 -9.3778E-04
   1066.180  1.0000E+00     3.2242E-03  3.0738E-03 -9.7333E-04
   1066.240  1.0000E+00     3.3435E-03  3.1876E-03 -1.0091E-03
   1066.300  1.0000E+00     3.4649E-03  3.3035E-03 -1.0452E-03
   1066.360  1.0000E+00     3.5945E-03  3.4268E-03 -1.0853E-03
   1066.420  1.0000E+00     3.7275E-03  3.5535E-03 -1.1254E-03
   1066.480  1.0000E+00     3.8643E-03  3.6842E-03 -1.1658E-03
   1066.540  1.0000E+00     4.0074E-03  3.8205E-03 -1.2096E-03
   1066.600  1.0000E+00     4.1558E-03  3.9619E-03 -1.2544E-03
   1066.660  1.0000E+00     4.3092E-03  4.1086E-03 -1.2995E-03
   1066.720  1.0000E+00     4.4676E-03  4.2596E-03 -1.3471E-03
   1066.780  1.0000E+00     4.6335E-03  4.4177E-03 -1.3975E-03
   1066.840  1.0000E+00     4.8049E-03  4.5816E-03 -1.4480E-03
   1066.900  1.0000E+00     4.9800E-03  4.7490E-03 -1.4992E-03
   1066.960  1.0000E+00     5.1654E-03  4.9256E-03 -1.5554E-03
   1067.020  1.0000E+00     5.3561E-03  5.1079E-03 -1.6115E-03
   1067.080  1.0000E+00     5.5525E-03  5.2961E-03 -1.6677E-03
   1067.140  1.0000E+00     5.7571E-03  5.4915E-03 -1.7286E-03
   1067.200  1.0000E+00     5.9693E-03  5.6944E-03 -1.7909E-03
   1067.260  1.0000E+00     6.1888E-03  5.9047E-03 -1.8535E-03
   1067.320  1.0000E+00     6.4152E-03  6.1213E-03 -1.9194E-03
   1067.380  1.0000E+00     6.6519E-03  6.3475E-03 -1.9893E-03
   1067.440  1.0000E+00     6.8964E-03  6.5819E-03 -2.0588E-03
   1067.500  1.0000E+00     7.1459E-03  6.8214E-03 -2.1292E-03
   1067.560  1.0000E+00     7.4095E-03  7.0734E-03 -2.2061E-03
   1067.620  1.0000E+00     7.6805E-03  7.3334E-03 -2.2827E-03
   1067.680  1.0000E+00     7.9592E-03  7.6016E-03 -2.3592E-03
   1067.740  1.0000E+00     8.2493E-03  7.8796E-03 -2.4419E-03
   1067.800  1.0000E+00     8.5495E-03  8.1678E-03 -2.5262E-03
   1067.860  1.0000E+00     8.8604E-03  8.4671E-03 -2.6105E-03
   1067.920  1.0000E+00     9.1793E-03  8.7738E-03 -2.6983E-03
   1067.980  1.0000E+00     9.5121E-03  9.0933E-03 -2.7913E-03
   1068.040  1.0000E+00     9.8569E-03  9.4257E-03 -2.8835E-03
   1068.100  1.0000E+00     1.0207E-02  9.7633E-03 -2.9761E-03
   1068.160  1.0000E+00     1.0576E-02  1.0119E-02 -3.0772E-03
   1068.220  1.0000E+00     1.0956E-02  1.0485E-02 -3.1779E-03
   1068.280  1.0000E+00     1.1345E-02  1.0861E-02 -3.2776E-03
   1068.340  1.0000E+00     1.1750E-02  1.1252E-02 -3.3844E-03
   1068.400  1.0000E+00     1.2168E-02  1.1655E-02 -3.4936E-03
   1068.460  1.0000E+00     1.2598E-02  1.2073E-02 -3.6002E-03
   1068.520  1.0000E+00     1.3040E-02  1.2500E-02 -3.7108E-03
   1068.580  1.0000E+00     1.3498E-02  1.2944E-02 -3.8269E-03
   1068.640  1.0000E+00     1.3972E-02  1.3405E-02 -3.9410E-03
   1068.700  1.0000E+00     1.4452E-02  1.3871E-02 -4.0554E-03
   1068.760  1.0000E+00     1.4957E-02  1.4361E-02 -4.1796E-03
   1068.820  1.0000E+00     1.5474E-02  1.4864E-02 -4.3017E-03
   1068.880  1.0000E+00     1.6002E-02  1.5379E-02 -4.4220E-03
   1068.940  1.0000E+00     1.6549E-02  1.5911E-02 -4.5491E-03
   1069.000  1.0000E+00     1.7111E-02  1.6459E-02 -4.6782E-03
   1069.060  1.0000E+00     1.7690E-02  1.7026E-02 -4.8011E-03
   1069.120  1.0000E+00     1.8281E-02  1.7605E-02 -4.9278E-03
   1069.180  1.0000E+00     1.8893E-02  1.8203E-02 -5.0595E-03
   1069.240  1.0000E+00     1.9522E-02  1.8820E-02 -5.1862E-03
   1069.300  1.0000E+00     2.0159E-02  1.9446E-02 -5.3114E-03
   1069.360  1.0000E+00     2.0822E-02  2.0097E-02 -5.4455E-03
   1069.420  1.0000E+00     2.1498E-02  2.0762E-02 -5.5753E-03
   1069.480  1.0000E+00     2.2187E-02  2.1442E-02 -5.6999E-03
   1069.540  1.0000E+00     2.2895E-02  2.2140E-02 -5.8291E-03
   1069.600  1.0000E+00     2.3617E-02  2.2853E-02 -5.9587E-03
   1069.660  1.0000E+00     2.4356E-02  2.3586E-02 -6.0779E-03
   1069.720  1.0000E+00     2.5110E-02  2.4332E-02 -6.1990E-03
   1069.780  1.0000E+00     2.5878E-02  2.5094E-02 -6.3221E-03
   1069.840  1.0000E+00     2.6665E-02  2.5876E-02 -6.4354E-03
   1069.900  1.0000E+00     2.7460E-02  2.6669E-02 -6.5454E-03
   1069.960  1.0000E+00     2.8275E-02  2.7481E-02 -6.6572E-03
   1070.020  1.0000E+00     2.9103E-02  2.8306E-02 -6.7620E-03
   1070.080  1.0000E+00     2.9941E-02  2.9145E-02 -6.8579E-03
   1070.140  1.0000E+00     3.0794E-02  2.9998E-02 -6.9527E-03
   1070.200  1.0000E+00     3.1655E-02  3.0861E-02 -7.0457E-03
   1070.260  1.0000E+00     3.2531E-02  3.1741E-02 -7.1241E-03
   1070.320  1.0000E+00     3.3416E-02  3.2632E-02 -7.1992E-03
   1070.380  1.0000E+00     3.4307E-02  3.3528E-02 -7.2717E-03
   1070.440  1.0000E+00     3.5213E-02  3.4441E-02 -7.3300E-03
   1070.500  1.0000E+00     3.6125E-02  3.5363E-02 -7.3824E-03
   1070.560  1.0000E+00     3.7037E-02  3.6286E-02 -7.4250E-03
   1070.620  1.0000E+00     3.7958E-02  3.7217E-02 -7.4603E-03
   1070.680  1.0000E+00     3.8883E-02  3.8156E-02 -7.4842E-03
   1070.740  1.0000E+00     3.9807E-02  3.9094E-02 -7.4981E-03
   1070.800  1.0000E+00     4.0731E-02  4.0033E-02 -7.5078E-03
   1070.860  1.0000E+00     4.1661E-02  4.0980E-02 -7.5019E-03
   1070.920  1.0000E+00     4.2587E-02  4.1924E-02 -7.4881E-03
   1070.980  1.0000E+00     4.3506E-02  4.2861E-02 -7.4644E-03
   1071.040  1.0000E+00     4.4428E-02  4.3802E-02 -7.4285E-03
   1071.100  1.0000E+00     4.5347E-02  4.4742E-02 -7.3857E-03
   1071.160  1.0000E+00     4.6247E-02  4.5663E-02 -7.3240E-03
   1071.220  1.0000E+00     4.7145E-02  4.6583E-02 -7.2575E-03
   1071.280  1.0000E+00     4.8037E-02  4.7497E-02 -7.1816E-03
   1071.340  1.0000E+00     4.8912E-02  4.8396E-02 -7.0886E-03
   1071.400  1.0000E+00     4.9774E-02  4.9281E-02 -6.9904E-03
   1071.460  1.0000E+00     5.0626E-02  5.0157E-02 -6.8821E-03
   1071.520  1.0000E+00     5.1465E-02  5.1018E-02 -6.7634E-03
   1071.580  1.0000E+00     5.2279E-02  5.1857E-02 -6.6311E-03
   1071.640  1.0000E+00     5.3081E-02  5.2682E-02 -6.4951E-03
   1071.700  1.0000E+00     5.3872E-02  5.3496E-02 -6.3552E-03
   1071.760  1.0000E+00     5.4628E-02  5.4276E-02 -6.1944E-03
   1071.820  1.0000E+00     5.5371E-02  5.5041E-02 -6.0328E-03
   1071.880  1.0000E+00     5.6094E-02  5.5786E-02 -5.8705E-03
   1071.940  1.0000E+00     5.6791E-02  5.6505E-02 -5.6908E-03
   1072.000  1.0000E+00     5.7467E-02  5.7202E-02 -5.5060E-03
   1072.060  1.0000E+00     5.8116E-02  5.7872E-02 -5.3230E-03
   1072.120  1.0000E+00     5.8747E-02  5.8522E-02 -5.1318E-03
   1072.180  1.0000E+00     5.9349E-02  5.9144E-02 -4.9277E-03
   1072.240  1.0000E+00     5.9922E-02  5.9735E-02 -4.7305E-03
   1072.300  1.0000E+00     6.0481E-02  6.0311E-02 -4.5335E-03
   1072.360  1.0000E+00     6.1002E-02  6.0849E-02 -4.3205E-03
   1072.420  1.0000E+00     6.1499E-02  6.1362E-02 -4.1124E-03
   1072.480  1.0000E+00     6.1974E-02  6.1850E-02 -3.9100E-03
   1072.540  1.0000E+00     6.2420E-02  6.2310E-02 -3.6964E-03
   1072.600  1.0000E+00     6.2841E-02  6.2744E-02 -3.4796E-03
   1072.660  1.0000E+00     6.3231E-02  6.3146E-02 -3.2745E-03
   1072.720  1.0000E+00     6.3602E-02  6.3528E-02 -3.0650E-03
   1072.780  1.0000E+00     6.3946E-02  6.3883E-02 -2.8473E-03
   1072.840  1.0000E+00     6.4257E-02  6.4203E-02 -2.6414E-03
   1072.900  1.0000E+00     6.4554E-02  6.4508E-02 -2.4388E-03
   1072.960  1.0000E+00     6.4818E-02  6.4779E-02 -2.2270E-03
   1073.020  1.0000E+00     6.5057E-02  6.5025E-02 -2.0219E-03
   1073.080  1.0000E+00     6.5274E-02  6.5249E-02 -1.8256E-03
   1073.140  1.0000E+00     6.5469E-02  6.5448E-02 -1.6234E-03
   1073.200  1.0000E+00     6.5639E-02  6.5624E-02 -1.4204E-03
   1073.260  1.0000E+00     6.5783E-02  6.5771E-02 -1.2311E-03
   1073.320  1.0000E+00     6.5910E-02  6.5902E-02 -1.0391E-03
   1073.380  1.0000E+00     6.6015E-02  6.6009E-02 -8.4345E-04
   1073.440  1.0000E+00     6.6091E-02  6.6088E-02 -6.5751E-04
   1073.500  1.0000E+00     6.6156E-02  6.6154E-02 -4.7444E-04
   1073.560  1.0000E+00     6.6194E-02  6.6193E-02 -2.8606E-04
   1073.620  1.0000E+00     6.6211E-02  6.6211E-02 -1.0178E-04
   1073.680  1.0000E+00     6.6211E-02  6.6211E-02  7.6144E-05
   1073.740  1.0000E+00     6.6193E-02  6.6193E-02  2.5914E-04
   1073.800  1.0000E+00     6.6155E-02  6.6154E-02  4.4374E-04
   1073.860  1.0000E+00     6.6097E-02  6.6094E-02  6.2135E-04
   1073.920  1.0000E+00     6.6025E-02  6.6020E-02  8.0321E-04
   1073.980  1.0000E+00     6.5932E-02  6.5925E-02  9.8990E-04
   1074.040  1.0000E+00     6.5819E-02  6.5809E-02  1.1755E-03
   1074.100  1.0000E+00     6.5697E-02  6.5683E-02  1.3618E-03
   1074.160  1.0000E+00     6.5548E-02  6.5529E-02  1.5594E-03
   1074.220  1.0000E+00     6.5383E-02  6.5359E-02  1.7600E-03
   1074.280  1.0000E+00     6.5205E-02  6.5175E-02  1.9629E-03
   1074.340  1.0000E+00     6.5008E-02  6.4971E-02  2.1814E-03
   1074.400  1.0000E+00     6.4789E-02  6.4744E-02  2.4062E-03
   1074.460  1.0000E+00     6.4555E-02  6.4501E-02  2.6428E-03
   1074.520  1.0000E+00     6.4309E-02  6.4244E-02  2.8932E-03
   1074.580  1.0000E+00     6.4029E-02  6.3951E-02  3.1599E-03
   1074.640  1.0000E+00     6.3735E-02  6.3642E-02  3.4475E-03
   1074.700  1.0000E+00     6.3436E-02  6.3326E-02  3.7458E-03
   1074.760  1.0000E+00     6.3085E-02  6.2953E-02  4.0849E-03
   1074.820  1.0000E+00     6.2716E-02  6.2559E-02  4.4426E-03
   1074.880  1.0000E+00     6.2333E-02  6.2146E-02  4.8221E-03
   1074.940  1.0000E+00     6.1915E-02  6.1692E-02  5.2592E-03
   1075.000  1.0000E+00     6.1447E-02  6.1181E-02  5.7148E-03
   1075.060  1.0000E+00     6.0959E-02  6.0641E-02  6.2218E-03
   1075.120  1.0000E+00     6.0440E-02  6.0059E-02  6.7795E-03
   1075.180  1.0000E+00     5.9837E-02  5.9378E-02  7.3951E-03
   1075.240  1.0000E+00     5.9174E-02  5.8624E-02  8.0482E-03
   1075.300  1.0000E+00     5.8490E-02  5.7833E-02  8.7367E-03
   1075.360  1.0000E+00     5.7657E-02  5.6860E-02  9.5546E-03
   1075.420  1.0000E+00     5.6729E-02  5.5776E-02  1.0357E-02
   1075.480  1.0000E+00     5.5720E-02  5.4589E-02  1.1170E-02
   1075.540  1.0000E+00     5.4555E-02  5.3198E-02  1.2090E-02
   1075.600  1.0000E+00     5.3291E-02  5.1677E-02  1.3016E-02
   1075.660  1.0000E+00     5.1788E-02  4.9906E-02  1.3834E-02
   1075.720  1.0000E+00     5.0164E-02  4.7975E-02  1.4657E-02
   1075.780  1.0000E+00     4.8448E-02  4.5895E-02  1.5520E-02
   1075.840  1.0000E+00     4.6465E-02  4.3563E-02  1.6163E-02
   1075.900  1.0000E+00     4.4353E-02  4.1086E-02  1.6705E-02
   1075.960  1.0000E+00     4.2168E-02  3.8527E-02  1.7141E-02
   1076.020  1.0000E+00     3.9886E-02  3.5865E-02  1.7453E-02
   1076.080  1.0000E+00     3.7449E-02  3.3079E-02  1.7557E-02
   1076.140  1.0000E+00     3.5009E-02  3.0373E-02  1.7411E-02
   1076.200  1.0000E+00     3.2617E-02  2.7701E-02  1.7220E-02
   1076.260  1.0000E+00     3.0183E-02  2.5075E-02  1.6799E-02
   1076.320  1.0000E+00     2.7825E-02  2.2589E-02  1.6246E-02
   1076.380  1.0000E+00     2.5541E-02  2.0294E-02  1.5509E-02
   1076.440  1.0000E+00     2.3393E-02  1.8141E-02  1.4769E-02
   1076.500  1.0000E+00     2.1354E-02  1.6124E-02  1.4001E-02
   1076.560  1.0000E+00     1.9422E-02  1.4400E-02  1.3034E-02
   1076.620  1.0000E+00     1.7631E-02  1.2807E-02  1.2117E-02
   1076.680  1.0000E+00     1.6025E-02  1.1403E-02  1.1258E-02
   1076.740  1.0000E+00     1.4520E-02  1.0161E-02  1.0372E-02
   1076.800  1.0000E+00     1.3094E-02  9.0482E-03  9.4644E-03
   1076.860  1.0000E+00     1.1904E-02  8.1285E-03  8.6964E-03
   1076.920  1.0000E+00     1.0772E-02  7.2733E-03  7.9460E-03
   1076.980  1.0000E+00     9.7137E-03  6.5166E-03  7.2035E-03
   1077.040  1.0000E+00     8.8154E-03  5.8990E-03  6.5508E-03
   1077.100  1.0000E+00     7.9781E-03  5.3248E-03  5.9411E-03
   1077.160  1.0000E+00     7.2140E-03  4.8114E-03  5.3751E-03
   1077.220  1.0000E+00     6.5309E-03  4.3780E-03  4.8463E-03
   1077.280  1.0000E+00     5.9278E-03  3.9970E-03  4.3776E-03
   1077.340  1.0000E+00     5.3748E-03  3.6489E-03  3.9464E-03
   1077.400  1.0000E+00     4.8636E-03  3.3449E-03  3.5308E-03
   1077.460  1.0000E+00     4.4410E-03  3.0955E-03  3.1843E-03
   1077.520  1.0000E+00     4.0474E-03  2.8679E-03  2.8559E-03
   1077.580  1.0000E+00     3.6846E-03  2.6580E-03  2.5517E-03
   1077.640  1.0000E+00     3.3882E-03  2.4999E-03  2.2869E-03
   1077.700  1.0000E+00     3.1170E-03  2.3560E-03  2.0408E-03
   1077.760  1.0000E+00     2.8751E-03  2.2190E-03  1.8281E-03
   1077.820  1.0000E+00     2.6674E-03  2.1111E-03  1.6304E-03
   1077.880  1.0000E+00     2.4901E-03  2.0186E-03  1.4580E-03
   1077.940  1.0000E+00     2.3312E-03  1.9300E-03  1.3075E-03
   1078.000  1.0000E+00     2.1900E-03  1.8539E-03  1.1659E-03
   1078.060  1.0000E+00     2.0754E-03  1.7902E-03  1.0500E-03
   1078.120  1.0000E+00     1.9706E-03  1.7306E-03  9.4260E-04
   1078.180  1.0000E+00     1.8741E-03  1.6711E-03  8.4835E-04
   1078.240  1.0000E+00     1.7971E-03  1.6257E-03  7.6601E-04
   1078.300  1.0000E+00     1.7263E-03  1.5827E-03  6.8947E-04
   1078.360  1.0000E+00     1.6601E-03  1.5372E-03  6.2676E-04
   1078.420  1.0000E+00     1.6036E-03  1.4996E-03  5.6799E-04
   1078.480  1.0000E+00     1.5531E-03  1.4649E-03  5.1609E-04
   1078.540  1.0000E+00     1.5061E-03  1.4306E-03  4.7074E-04
   1078.600  1.0000E+00     1.4632E-03  1.3991E-03  4.2840E-04
   1078.660  1.0000E+00     1.4259E-03  1.3707E-03  3.9284E-04
   1078.720  1.0000E+00     1.3911E-03  1.3438E-03  3.5955E-04
   1078.780  1.0000E+00     1.3574E-03  1.3167E-03  3.2998E-04
   1078.840  1.0000E+00     1.3291E-03  1.2939E-03  3.0390E-04
   1078.900  1.0000E+00     1.3023E-03  1.2720E-03  2.7935E-04
   1078.960  1.0000E+00     1.2762E-03  1.2497E-03  2.5857E-04
   1079.020  1.0000E+00     1.2530E-03  1.2300E-03  2.3899E-04
   1079.080  1.0000E+00     1.2315E-03  1.2115E-03  2.2147E-04
   1079.140  1.0000E+00     1.2110E-03  1.1934E-03  2.0578E-04
   1079.200  1.0000E+00     1.1918E-03  1.1764E-03  1.9095E-04
   1079.260  1.0000E+00     1.1744E-03  1.1608E-03  1.7833E-04
   1079.320  1.0000E+00     1.1578E-03  1.1458E-03  1.6638E-04
   1079.380  1.0000E+00     1.1416E-03  1.1310E-03  1.5554E-04
   1079.440  1.0000E+00     1.1273E-03  1.1178E-03  1.4590E-04
   1079.500  1.0000E+00     1.1135E-03  1.1050E-03  1.3681E-04
   1079.560  1.0000E+00     1.1000E-03  1.0924E-03  1.2883E-04
   1079.620  1.0000E+00     1.0875E-03  1.0808E-03  1.2134E-04
   1079.680  1.0000E+00     1.0758E-03  1.0697E-03  1.1457E-04
   1079.740  1.0000E+00     1.0644E-03  1.0588E-03  1.0839E-04
   1079.800  1.0000E+00     1.0535E-03  1.0485E-03  1.0251E-04
   1079.860  1.0000E+00     1.0434E-03  1.0388E-03  9.7457E-05
   1079.920  1.0000E+00     1.0335E-03  1.0293E-03  9.2619E-05
   1079.980  1.0000E+00     1.0239E-03  1.0201E-03  8.8147E-05
   1080.040  1.0000E+00     1.0150E-03  1.0115E-03  8.4139E-05
   1080.100  1.0000E+00     1.0063E-03  1.0031E-03  8.0331E-05
   1080.160  1.0000E+00     9.9787E-04  9.9490E-04  7.6910E-05
   1080.220  1.0000E+00     9.8986E-04  9.8711E-04  7.3688E-05
   1080.280  1.0000E+00     9.8214E-04  9.7959E-04  7.0767E-05
   1080.340  1.0000E+00     9.7457E-04  9.7220E-04  6.8047E-05
   1080.400  1.0000E+00     9.6728E-04  9.6506E-04  6.5435E-05
   1080.460  1.0000E+00     9.6029E-04  9.5821E-04  6.3171E-05
   1080.520  1.0000E+00     9.5344E-04  9.5149E-04  6.0975E-05
   1080.580  1.0000E+00     9.4676E-04  9.4492E-04  5.8903E-05
   1080.640  1.0000E+00     9.4040E-04  9.3867E-04  5.7031E-05
   1080.700  1.0000E+00     9.3415E-04  9.3252E-04  5.5241E-05
   1080.760  1.0000E+00     9.2803E-04  9.2648E-04  5.3594E-05
   1080.820  1.0000E+00     9.2213E-04  9.2066E-04  5.2031E-05
   1080.880  1.0000E+00     9.1635E-04  9.1495E-04  5.0609E-05
   1080.940  1.0000E+00     9.1069E-04  9.0935E-04  4.9263E-05
   1081.000  1.0000E+00     9.0515E-04  9.0388E-04  4.7954E-05
   1081.060  1.0000E+00     8.9977E-04  8.9855E-04  4.6800E-05
   1081.120  1.0000E+00     8.9447E-04  8.9331E-04  4.5675E-05
   1081.180  1.0000E+00     8.8927E-04  8.8815E-04  4.4592E-05
   1081.240  1.0000E+00     8.8422E-04  8.8315E-04  4.3604E-05
   1081.300  1.0000E+00     8.7925E-04  8.7822E-04  4.2654E-05
   1081.360  1.0000E+00     8.7436E-04  8.7337E-04  4.1756E-05
   1081.420  1.0000E+00     8.6958E-04  8.6862E-04  4.0898E-05
   1081.480  1.0000E+00     8.6489E-04  8.6396E-04  4.0107E-05
   1081.540  1.0000E+00     8.6026E-04  8.5936E-04  3.9337E-05
   1081.600  1.0000E+00     8.5572E-04  8.5485E-04  3.8585E-05
   1081.660  1.0000E+00     8.5126E-04  8.5042E-04  3.7911E-05
   1081.720  1.0000E+00     8.4686E-04  8.4604E-04  3.7251E-05
   1081.780  1.0000E+00     8.4252E-04  8.4172E-04  3.6608E-05
   1081.840  1.0000E+00     8.3828E-04  8.3750E-04  3.6011E-05
   1081.900  1.0000E+00     8.3408E-04  8.3332E-04  3.5436E-05
   1081.960  1.0000E+00     8.2995E-04  8.2922E-04  3.4873E-05
   1082.020  1.0000E+00     8.2588E-04  8.2516E-04  3.4331E-05
   1082.080  1.0000E+00     8.2187E-04  8.2117E-04  3.3822E-05
   1082.140  1.0000E+00     8.1790E-04  8.1722E-04  3.3318E-05
   1082.200  1.0000E+00     8.1398E-04  8.1332E-04  3.2818E-05
   1082.260  1.0000E+00     8.1014E-04  8.0949E-04  3.2370E-05
   1082.320  1.0000E+00     8.0632E-04  8.0569E-04  3.1923E-05
   1082.380  1.0000E+00     8.0255E-04  8.0194E-04  3.1482E-05
   1082.440  1.0000E+00     7.9886E-04  7.9825E-04  3.1071E-05
   1082.500  1.0000E+00     7.9519E-04  7.9460E-04  3.0670E-05
   1082.560  1.0000E+00     7.9157E-04  7.9099E-04  3.0269E-05
   1082.620  1.0000E+00     7.8801E-04  7.8744E-04  2.9881E-05
   1082.680  1.0000E+00     7.8448E-04  7.8392E-04  2.9514E-05
   1082.740  1.0000E+00     7.8099E-04  7.8044E-04  2.9145E-05
   1082.800  1.0000E+00     7.7754E-04  7.7701E-04  2.8775E-05
   1082.860  1.0000E+00     7.7414E-04  7.7362E-04  2.8438E-05
   1082.920  1.0000E+00     7.7077E-04  7.7026E-04  2.8099E-05
   1082.980  1.0000E+00     7.6743E-04  7.6693E-04  2.7758E-05
   1083.040  1.0000E+00     7.6416E-04  7.6366E-04  2.7435E-05
   1083.100  1.0000E+00     7.6090E-04  7.6042E-04  2.7121E-05
   1083.160  1.0000E+00     7.5768E-04  7.5721E-04  2.6802E-05
   1083.220  1.0000E+00     7.5451E-04  7.5404E-04  2.6495E-05
   1083.280  1.0000E+00     7.5137E-04  7.5091E-04  2.6205E-05
   1083.340  1.0000E+00     7.4825E-04  7.4780E-04  2.5908E-05
   1083.400  1.0000E+00     7.4517E-04  7.4473E-04  2.5613E-05
   1083.460  1.0000E+00     7.4213E-04  7.4170E-04  2.5337E-05
   1083.520  1.0000E+00     7.3911E-04  7.3868E-04  2.5057E-05
   1083.580  1.0000E+00     7.3613E-04  7.3571E-04  2.4770E-05
   1083.640  1.0000E+00     7.3319E-04  7.3278E-04  2.4500E-05
   1083.700  1.0000E+00     7.3027E-04  7.2987E-04  2.4233E-05
   1083.760  1.0000E+00     7.2739E-04  7.2700E-04  2.3964E-05
   1083.820  1.0000E+00     7.2455E-04  7.2416E-04  2.3704E-05
   1083.880  1.0000E+00     7.2173E-04  7.2135E-04  2.3458E-05
   1083.940  1.0000E+00     7.1894E-04  7.1856E-04  2.3205E-05
   1084.000  1.0000E+00     7.1617E-04  7.1581E-04  2.2952E-05
   1084.060  1.0000E+00     7.1344E-04  7.1308E-04  2.2713E-05
   1084.120  1.0000E+00     7.1073E-04  7.1037E-04  2.2470E-05
   1084.180  1.0000E+00     7.0805E-04  7.0770E-04  2.2221E-05
   1084.240  1.0000E+00     7.0541E-04  7.0507E-04  2.1986E-05
   1084.300  1.0000E+00     7.0279E-04  7.0245E-04  2.1753E-05
   1084.360  1.0000E+00     7.0020E-04  6.9987E-04  2.1516E-05
   1084.420  1.0000E+00     6.9765E-04  6.9732E-04  2.1286E-05
   1084.480  1.0000E+00     6.9511E-04  6.9479E-04  2.1066E-05
   1084.540  1.0000E+00     6.9260E-04  6.9228E-04  2.0841E-05
   1084.600  1.0000E+00     6.9012E-04  6.8981E-04  2.0614E-05
   1084.660  1.0000E+00     6.8766E-04  6.8736E-04  2.0401E-05
   1084.720  1.0000E+00     6.8523E-04  6.8493E-04  2.0186E-05
   1084.780  1.0000E+00     6.8282E-04  6.8253E-04  1.9966E-05
   1084.840  1.0000E+00     6.8045E-04  6.8016E-04  1.9756E-05
   1084.900  1.0000E+00     6.7809E-04  6.7781E-04  1.9551E-05
   1084.960  1.0000E+00     6.7577E-04  6.7549E-04  1.9337E-05
   1085.020  1.0000E+00     6.7346E-04  6.7319E-04  1.9128E-05
   1085.080  1.0000E+00     6.7118E-04  6.7092E-04  1.8927E-05
   1085.140  1.0000E+00     6.6893E-04  6.6867E-04  1.8721E-05
   1085.200  1.0000E+00     6.6669E-04  6.6643E-04  1.8514E-05
   1085.260  1.0000E+00     6.6449E-04  6.6423E-04  1.8323E-05
   1085.320  1.0000E+00     6.6230E-04  6.6205E-04  1.8127E-05
   1085.380  1.0000E+00     6.6013E-04  6.5989E-04  1.7929E-05
   1085.440  1.0000E+00     6.5800E-04  6.5776E-04  1.7740E-05
   1085.500  1.0000E+00     6.5588E-04  6.5565E-04  1.7554E-05
   1085.560  1.0000E+00     6.5379E-04  6.5356E-04  1.7359E-05
   1085.620  1.0000E+00     6.5173E-04  6.5150E-04  1.7168E-05
   1085.680  1.0000E+00     6.4968E-04  6.4946E-04  1.6985E-05
   1085.740  1.0000E+00     6.4766E-04  6.4744E-04  1.6798E-05
   1085.800  1.0000E+00     6.4566E-04  6.4545E-04  1.6608E-05
   1085.860  1.0000E+00     6.4369E-04  6.4348E-04  1.6434E-05
   1085.920  1.0000E+00     6.4173E-04  6.4152E-04  1.6257E-05
   1085.980  1.0000E+00     6.3978E-04  6.3958E-04  1.6075E-05
   1086.040  1.0000E+00     6.3787E-04  6.3768E-04  1.5901E-05
   1086.100  1.0000E+00     6.3597E-04  6.3578E-04  1.5730E-05
   1086.160  1.0000E+00     6.3410E-04  6.3391E-04  1.5552E-05
   1086.220  1.0000E+00     6.3225E-04  6.3206E-04  1.5378E-05
   1086.280  1.0000E+00     6.3041E-04  6.3023E-04  1.5211E-05
   1086.340  1.0000E+00     6.2860E-04  6.2842E-04  1.5038E-05
   1086.400  1.0000E+00     6.2681E-04  6.2663E-04  1.4866E-05
   1086.460  1.0000E+00     6.2504E-04  6.2487E-04  1.4704E-05
   1086.520  1.0000E+00     6.2328E-04  6.2311E-04  1.4539E-05
   1086.580  1.0000E+00     6.2155E-04  6.2138E-04  1.4369E-05
   1086.640  1.0000E+00     6.1984E-04  6.1968E-04  1.4208E-05
   1086.700  1.0000E+00     6.1814E-04  6.1798E-04  1.4050E-05
   1086.760  1.0000E+00     6.1647E-04  6.1631E-04  1.3887E-05
   1086.820  1.0000E+00     6.1482E-04  6.1467E-04  1.3728E-05
   1086.880  1.0000E+00     6.1319E-04  6.1304E-04  1.3577E-05
   1086.940  1.0000E+00     6.1157E-04  6.1142E-04  1.3420E-05
   1087.000  1.0000E+00     6.0997E-04  6.0983E-04  1.3262E-05
   1087.060  1.0000E+00     6.0839E-04  6.0825E-04  1.3112E-05
   1087.120  1.0000E+00     6.0683E-04  6.0669E-04  1.2959E-05
   1087.180  1.0000E+00     6.0528E-04  6.0515E-04  1.2800E-05
   1087.240  1.0000E+00     6.0376E-04  6.0363E-04  1.2652E-05
   1087.300  1.0000E+00     6.0224E-04  6.0212E-04  1.2504E-05
   1087.360  1.0000E+00     6.0076E-04  6.0063E-04  1.2354E-05
   1087.420  1.0000E+00     5.9929E-04  5.9916E-04  1.2208E-05
   1087.480  1.0000E+00     5.9783E-04  5.9771E-04  1.2067E-05
   1087.540  1.0000E+00     5.9639E-04  5.9628E-04  1.1921E-05
   1087.600  1.0000E+00     5.9498E-04  5.9486E-04  1.1774E-05
   1087.660  1.0000E+00     5.9357E-04  5.9346E-04  1.1635E-05
   1087.720  1.0000E+00     5.9219E-04  5.9208E-04  1.1495E-05
   1087.780  1.0000E+00     5.9082E-04  5.9071E-04  1.1350E-05
   1087.840  1.0000E+00     5.8947E-04  5.8936E-04  1.1211E-05
   1087.900  1.0000E+00     5.8813E-04  5.8803E-04  1.1076E-05
   1087.960  1.0000E+00     5.8681E-04  5.8671E-04  1.0935E-05
   1088.020  1.0000E+00     5.8551E-04  5.8541E-04  1.0798E-05
   1088.080  1.0000E+00     5.8423E-04  5.8413E-04  1.0665E-05
   1088.140  1.0000E+00     5.8296E-04  5.8286E-04  1.0529E-05
   1088.200  1.0000E+00     5.8171E-04  5.8161E-04  1.0393E-05
   1088.260  1.0000E+00     5.8047E-04  5.8038E-04  1.0265E-05
   1088.320  1.0000E+00     5.7925E-04  5.7916E-04  1.0134E-05
   1088.380  1.0000E+00     5.7804E-04  5.7795E-04  1.0001E-05
   1088.440  1.0000E+00     5.7685E-04  5.7676E-04  9.8733E-06
   1088.500  1.0000E+00     5.7567E-04  5.7559E-04  9.7472E-06
   1088.560  1.0000E+00     5.7451E-04  5.7443E-04  9.6147E-06
   1088.620  1.0000E+00     5.7337E-04  5.7329E-04  9.4856E-06
   1088.680  1.0000E+00     5.7224E-04  5.7216E-04  9.3609E-06
   1088.740  1.0000E+00     5.7113E-04  5.7105E-04  9.2338E-06
   1088.800  1.0000E+00     5.7003E-04  5.6995E-04  9.1057E-06
   1088.860  1.0000E+00     5.6894E-04  5.6887E-04  8.9872E-06
   1088.920  1.0000E+00     5.6787E-04  5.6780E-04  8.8658E-06
   1088.980  1.0000E+00     5.6682E-04  5.6675E-04  8.7411E-06
   1089.040  1.0000E+00     5.6578E-04  5.6571E-04  8.6217E-06
   1089.100  1.0000E+00     5.6475E-04  5.6469E-04  8.5038E-06
   1089.160  1.0000E+00     5.6374E-04  5.6368E-04  8.3796E-06
   1089.220  1.0000E+00     5.6274E-04  5.6268E-04  8.2594E-06
   1089.280  1.0000E+00     5.6176E-04  5.6170E-04  8.1431E-06
   1089.340  1.0000E+00     5.6079E-04  5.6074E-04  8.0236E-06
   1089.400  1.0000E+00     5.5984E-04  5.5978E-04  7.9033E-06
   1089.460  1.0000E+00     5.5890E-04  5.5885E-04  7.7911E-06
   1089.520  1.0000E+00     5.5797E-04  5.5792E-04  7.6766E-06
   1089.580  1.0000E+00     5.5706E-04  5.5701E-04  7.5582E-06
   1089.640  1.0000E+00     5.5616E-04  5.5611E-04  7.4455E-06
   1089.700  1.0000E+00     5.5527E-04  5.5523E-04  7.3346E-06
   1089.760  1.0000E+00     5.5440E-04  5.5436E-04  7.2191E-06
   1089.820  1.0000E+00     5.5355E-04  5.5350E-04  7.1062E-06
   1089.880  1.0000E+00     5.5270E-04  5.5266E-04  6.9977E-06
   1089.940  1.0000E+00     5.5187E-04  5.5183E-04  6.8848E-06
   1090.000  1.0000E+00     5.5105E-04  5.5101E-04  6.7715E-06
